{"__type__":"cc.Model","_name":"body_BaiYang","_nodes":[{"name":"RootNode","scale":[1,1,1],"children":[1,28],"position":[0,0,0],"quat":[0,0,0,1],"path":""},{"name":"root","scale":[2.53999996185303,2.53999996185303,2.53999996185303],"children":[2],"parent":null,"position":[0,0,0],"quat":[2.1855694143369e-8,0,0,1],"path":"root"},{"name":"Bip001_Red","scale":[1,1,1],"children":[3],"parent":null,"position":[0.000324232561979443,0.108835779130459,0.00383885833434761],"quat":[-0.504849553108215,-0.495102971792221,-0.495102941989899,0.504849553108215],"path":"root/Bip001_Red"},{"name":"Bip001 Pelvis","scale":[1,1,1],"children":[4],"parent":null,"position":[0,0,0],"quat":[-0.595093250274658,-0.360529750585556,-0.504605650901794,0.511131525039673],"path":"root/Bip001_Red/Bip001 Pelvis","uniqueBindPose":[0.0000013867999086869531,0.0000027577068522077752,1,0,6.123234262925839e-17,-1,0.0000027577068522077752,0,1,-3.8243271396898315e-12,-0.0000013868001360606286,0,-0.12106810510158539,-0.004592951852828264,1.8048605454623612e-7,1]},{"name":"Bip001 Spine","scale":[1,1,1],"children":[5,9,13],"parent":null,"position":[0.0151966661214828,-0.0145021844655275,-0.00188181549310684],"quat":[-0.0576452128589153,0.0971418991684914,-0.0442986376583576,0.992611765861511],"path":"root/Bip001_Red/Bip001 Pelvis/Bip001 Spine","uniqueBindPose":[-1.6864535723470908e-7,-0.0000014007179061081843,1,0,0.0291751679033041,-0.9995743632316589,-0.0000013952013659945806,0,0.9995742440223694,0.0291751716285944,2.0943976153375843e-7,0,-0.13939449191093445,0.001975694438442588,-2.0790317023511307e-8,1]},{"name":"Bip001 L Thigh","scale":[1,1,1],"children":[6],"parent":null,"position":[-0.0209020804613829,0.0101586421951652,0.0224759932607412],"quat":[0.158620789647102,0.968706548213959,0.161250919103622,0.10220205783844],"path":"root/Bip001_Red/Bip001 Pelvis/Bip001 Spine/Bip001 L Thigh","uniqueBindPose":[0.06391727924346924,0.00987501721829176,-0.9979063868522644,0,0.02853635512292385,-0.9995602965354919,-0.008063591085374355,0,-0.9975471496582031,-0.027961205691099167,-0.0641709640622139,0,0.1194516122341156,-0.0014298075111582875,0.030379323288798332,1]},{"name":"Bip001 L Calf","scale":[1,1,1],"children":[7],"parent":null,"position":[0.058583240956068,0,0],"quat":[1.78361936275574e-18,2.9758635241547e-18,-0.514093279838562,0.857734262943268],"path":"root/Bip001_Red/Bip001 Pelvis/Bip001 Spine/Bip001 L Thigh/Bip001 L Calf","uniqueBindPose":[0.06139564514160156,0.02033490687608719,-0.9979063868522644,0,0.19385375082492828,-0.9809972047805786,-0.00806359387934208,0,-0.9791072607040405,-0.19295282661914825,-0.0641709715127945,0,0.06026310473680496,0.008681054227054119,0.030379323288798332,1]},{"name":"Bip001 L Foot","scale":[1,1,1],"children":[8],"parent":null,"position":[0.0511104911565781,2.38418573772492e-9,-4.44089199923895e-18],"quat":[0.11824095249176,0.00630565639585257,0.232093155384064,0.965459525585175],"path":"root/Bip001_Red/Bip001 Pelvis/Bip001 Spine/Bip001 L Thigh/Bip001 L Calf/Bip001 L Foot","uniqueBindPose":[4.386983931681243e-8,0.07812807708978653,-0.9969434142112732,0,-6.123234262925839e-17,-0.9969433546066284,-0.07812808454036713,0,-1,3.427466532812673e-9,-4.3735749244433464e-8,0,0.012585905380547047,0.004654614720493555,0.030032720416784286,1]},{"name":"Bip001 L Toe0","scale":[1,1,1],"parent":null,"position":[0.012950130738318,0.0175872277468443,-2.22044599961948e-18],"quat":[-0.066452257335186,0.160430446267128,0.909843981266022,0.376868784427643],"path":"root/Bip001_Red/Bip001 Pelvis/Bip001 Spine/Bip001 L Thigh/Bip001 L Calf/Bip001 L Foot/Bip001 L Toe0","uniqueBindPose":[0.07812808454036713,5.1005589085661995e-8,-0.9969434142112732,0,-0.9969433546066284,-3.9714198152296376e-8,-0.07812808454036713,0,-4.35777778307056e-8,1,4.7746897990919024e-8,0,-0.012932611629366875,0.0003642233496066183,0.030032716691493988,1]},{"name":"Bip001 R Thigh","scale":[1,1,1],"children":[10],"parent":null,"position":[-0.0123805040493608,0.0157435573637486,-0.0217553414404392],"quat":[0.588617980480194,0.774892032146454,0.214410528540611,0.0842572897672653],"path":"root/Bip001_Red/Bip001 Pelvis/Bip001 Spine/Bip001 R Thigh","uniqueBindPose":[-0.06391752511262894,-0.009872276335954666,-0.9979063868522644,0,0.028536178171634674,-0.9995603561401367,0.008060849271714687,0,-0.9975471496582031,-0.027961205691099167,0.06417114287614822,0,0.119451604783535,-0.0014298076275736094,-0.030379358679056168,1]},{"name":"Bip001 R Calf","scale":[1,1,1],"children":[11],"parent":null,"position":[0.0585832595825195,9.53674295089968e-9,-4.44089199923895e-18],"quat":[-1.93372476794747e-17,-1.03707918191346e-17,-0.686578452587128,0.727055668830872],"path":"root/Bip001_Red/Bip001 Pelvis/Bip001 Spine/Bip001 R Thigh/Bip001 R Calf","uniqueBindPose":[-0.06139634549617767,-0.020332247018814087,-0.9979063868522644,0,0.19385358691215515,-0.9809973835945129,0.00806085579097271,0,-0.9791072607040405,-0.19295282661914825,0.06417114287614822,0,0.060263097286224365,0.00868105236440897,-0.030379358679056168,1]},{"name":"Bip001 R Foot","scale":[1,1,1],"children":[12],"parent":null,"position":[0.0511104762554169,-2.38418573772492e-9,0],"quat":[-0.0932271182537079,-0.0440584905445576,-0.0176424141973257,0.994513094425201],"path":"root/Bip001_Red/Bip001 Pelvis/Bip001 Spine/Bip001 R Thigh/Bip001 R Calf/Bip001 R Foot","uniqueBindPose":[4.386984286952611e-8,-0.07812534272670746,-0.9969435930252075,0,-6.123234262925839e-17,-0.996943473815918,0.07812534272670746,0,-1,-3.4273468507706184e-9,-4.373576345528818e-8,0,0.01258590817451477,0.004654611926525831,-0.030032748356461525,1]},{"name":"Bip001 R Toe0","scale":[1,1,1],"parent":null,"position":[0.0129501363262534,0.0175872258841991,4.76837147544984e-9],"quat":[0.143954053521156,-0.0348226465284824,0.62019419670105,0.770340025424957],"path":"root/Bip001_Red/Bip001 Pelvis/Bip001 Spine/Bip001 R Thigh/Bip001 R Calf/Bip001 R Foot/Bip001 R Toe0","uniqueBindPose":[-0.07812534272670746,-5.100559974380303e-8,-0.9969435930252075,0,-0.996943473815918,-3.971434026084353e-8,0.07812535762786865,0,-4.357778138341928e-8,1,-4.7747011677756745e-8,0,-0.012932613492012024,0.0003642233496066183,-0.030032748356461525,1]},{"name":"Bip001 Spine1","scale":[1,1,1],"children":[14],"parent":null,"position":[0.0253893360495567,-0.0000201964376174146,9.08374772734533e-7],"quat":[-0.0305897928774357,0.092510499060154,0.0887295380234718,0.991278529167175],"path":"root/Bip001_Red/Bip001 Pelvis/Bip001 Spine/Bip001 Spine1","uniqueBindPose":[-1.6864535723470908e-7,-0.0000014007179061081843,1,0,0.0291751679033041,-0.9995743632316589,-0.0000013952013659945806,0,0.9995742440223694,0.0291751716285944,2.0943976153375843e-7,0,-0.16478009521961212,0.0019962515216320753,-2.0733299521680237e-8,1]},{"name":"Bip001 Neck","scale":[1,1,1],"children":[15,20,25],"parent":null,"position":[0.0258180424571037,-0.0000190591799764661,-9.53674295089968e-9],"quat":[0.00025316997198388,-0.000420019612647593,0.0500462613999844,0.998746752738953],"path":"root/Bip001_Red/Bip001 Pelvis/Bip001 Spine/Bip001 Spine1/Bip001 Neck","uniqueBindPose":[0.0008640338783152401,0.0004623064596671611,0.9999995827674866,0,-0.07089553773403168,-0.9974836707115173,0.0005223995540291071,0,0.9974833726882935,-0.0708959624171257,-0.000829084194265306,0,-0.18944182991981506,0.021058842539787292,0.0001539661461720243,1]},{"name":"Bip001 L Clavicle","scale":[1,1,1],"children":[16],"parent":null,"position":[0.00397037481889129,-0.000259594904491678,0.00657330499961972],"quat":[0.644538044929504,0.131974637508392,0.731656312942505,0.178416520357132],"path":"root/Bip001_Red/Bip001 Pelvis/Bip001 Spine/Bip001 Spine1/Bip001 Neck/Bip001 L Clavicle","uniqueBindPose":[0.9888197183609009,-0.000001379219611408189,0.14911635220050812,0,-0.004467824008315802,0.9995507597923279,0.029636258259415627,0,-0.14904938638210297,-0.02997114323079586,0.9883753657341003,0,0.022510597482323647,-0.0017253495752811432,-0.19337595999240875,1]},{"name":"Bip001 L UpperArm","scale":[1,1,1],"children":[17],"parent":null,"position":[0.0219580382108688,1.77635679969558e-17,1.90734859017994e-8],"quat":[-0.439862906932831,0.164845645427704,0.0153378173708916,0.882672786712646],"path":"root/Bip001_Red/Bip001 Pelvis/Bip001 Spine/Bip001 Spine1/Bip001 Neck/Bip001 L Clavicle/Bip001 L UpperArm","uniqueBindPose":[0.6062958836555481,-0.14314982295036316,0.7822489738464355,0,0.062465913593769073,0.9891985058784485,0.13260582089424133,0,-0.7927819490432739,-0.03153446689248085,0.60868901014328,0,0.13392972946166992,0.0027002464048564434,-0.1394743174314499,1]},{"name":"Bip001 L Forearm","scale":[1,1,1],"children":[18],"parent":null,"position":[0.053373210132122,1.77635679969558e-17,-1.77635679969558e-17],"quat":[2.06631338289747e-17,7.18208301876435e-17,-0.613625884056091,0.789596915245056],"path":"root/Bip001_Red/Bip001 Pelvis/Bip001 Spine/Bip001 Spine1/Bip001 Neck/Bip001 L Clavicle/Bip001 L UpperArm/Bip001 L Forearm","uniqueBindPose":[0.6228436231613159,0.012346431612968445,0.7822489738464355,0,-0.18584300577640533,0.9735904335975647,0.13260582089424133,0,-0.7599528431892395,-0.22796817123889923,0.6086890697479248,0,0.07734619081020355,0.022676236927509308,-0.13947433233261108,1]},{"name":"Bip001 L Hand","scale":[1,1,1],"children":[19],"parent":null,"position":[0.0444486513733864,-4.76837147544984e-9,9.53674295089968e-9],"quat":[-0.763818204402924,0.0979422032833099,0.0378546714782715,0.6368328332901],"path":"root/Bip001_Red/Bip001 Pelvis/Bip001 Spine/Bip001 Spine1/Bip001 Neck/Bip001 L Clavicle/Bip001 L UpperArm/Bip001 L Forearm/Bip001 L Hand","uniqueBindPose":[0.6228436231613159,-0.7809608578681946,0.04653986915946007,0,-0.18584300577640533,-0.0899069756269455,0.9784574508666992,0,-0.7599528431892395,-0.6180751323699951,-0.2011340856552124,0,0.032897546887397766,0.14033247530460358,0.016555778682231903,1]},{"name":"Bip001 L Finger0","scale":[1,1,1],"parent":null,"position":[0.0194225218147039,0,-4.76837147544984e-9],"quat":[-0.00134225666988641,-0.000625613960437477,0.253942131996155,0.967218279838562],"path":"root/Bip001_Red/Bip001 Pelvis/Bip001 Spine/Bip001 Spine1/Bip001 Neck/Bip001 L Clavicle/Bip001 L UpperArm/Bip001 L Forearm/Bip001 L Hand/Bip001 L Finger0","uniqueBindPose":[0.1589011251926422,-0.9863322377204895,0.04358188062906265,0,-0.20552262663841248,0.01012990903109312,0.9785999059677124,0,-0.9656661152839661,-0.16445769369602203,-0.20110389590263367,0,0.08068229258060455,0.1155652403831482,0.016849977895617485,1]},{"name":"Bip001 R Clavicle","scale":[1,1,1],"children":[21],"parent":null,"position":[0.00395901687443256,-0.000265660288278013,-0.0065798950381577],"quat":[-0.634550213813782,0.164000272750854,0.751480102539063,-0.0756810232996941],"path":"root/Bip001_Red/Bip001 Pelvis/Bip001 Spine/Bip001 Spine1/Bip001 Neck/Bip001 R Clavicle","uniqueBindPose":[-0.9888195395469666,-0.000001365404841635609,0.14911668002605438,0,-0.00447054672986269,0.9995507597923279,-0.029635848477482796,0,-0.14904965460300446,-0.02997114323079586,-0.9883753657341003,0,0.022510649636387825,-0.001725349691696465,0.19337594509124756,1]},{"name":"Bip001 R UpperArm","scale":[1,1,1],"children":[22],"parent":null,"position":[0.0219580456614494,-4.76837147544984e-9,1.90734859017994e-8],"quat":[-0.294219434261322,-0.0329582393169403,0.0196203105151653,0.95496791601181],"path":"root/Bip001_Red/Bip001 Pelvis/Bip001 Spine/Bip001 Spine1/Bip001 Neck/Bip001 R Clavicle/Bip001 R UpperArm","uniqueBindPose":[-0.6062960624694824,0.14314712584018707,0.7822493314743042,0,0.06246425583958626,0.9891988635063171,-0.1326036900281906,0,-0.7927820682525635,-0.03153446689248085,-0.6086889505386353,0,0.13392972946166992,0.0027002464048564434,0.1394743025302887,1]},{"name":"Bip001 R Forearm","scale":[1,1,1],"children":[23],"parent":null,"position":[0.0533732213079929,-1.77635679969558e-17,1.90734859017994e-8],"quat":[-1.14986939433813e-17,3.27335650855853e-17,-0.555928230285645,0.831230282783508],"path":"root/Bip001_Red/Bip001 Pelvis/Bip001 Spine/Bip001 Spine1/Bip001 Neck/Bip001 R Clavicle/Bip001 R UpperArm/Bip001 R Forearm","uniqueBindPose":[-0.6228432059288025,-0.012349088676273823,0.7822492718696594,0,-0.18584468960762024,0.9735903739929199,-0.1326036900281906,0,-0.7599528431892395,-0.22796817123889923,-0.6086890697479248,0,0.07734617590904236,0.02267623320221901,0.1394743174314499,1]},{"name":"Bip001 R Hand","scale":[1,1,1],"children":[24],"parent":null,"position":[0.0444486662745476,9.53674295089968e-9,1.77635679969558e-17],"quat":[0.757269620895386,0.0997119396924973,-0.0386258885264397,0.644289016723633],"path":"root/Bip001_Red/Bip001 Pelvis/Bip001 Spine/Bip001 Spine1/Bip001 Neck/Bip001 R Clavicle/Bip001 R UpperArm/Bip001 R Forearm/Bip001 R Hand","uniqueBindPose":[-0.6228432059288025,0.7809610366821289,0.046542517840862274,0,-0.18584468960762024,-0.08990488201379776,-0.9784574508666992,0,-0.7599528431892395,-0.6180751919746399,0.2011341005563736,0,0.032897524535655975,0.14033246040344238,-0.016555780544877052,1]},{"name":"Bip001 R Finger0","scale":[1,1,1],"parent":null,"position":[0.0194225311279297,0,0],"quat":[0.0013422560878098,0.000625608605332673,0.253942042589188,0.967218279838562],"path":"root/Bip001_Red/Bip001 Pelvis/Bip001 Spine/Bip001 Spine1/Bip001 Neck/Bip001 R Clavicle/Bip001 R UpperArm/Bip001 R Forearm/Bip001 R Hand/Bip001 R Finger0","uniqueBindPose":[-0.15890054404735565,0.9863322377204895,0.04358462244272232,0,-0.2055230438709259,0.010132675990462303,-0.9785998463630676,0,-0.9656661748886108,-0.16445769369602203,0.20110386610031128,0,0.08068227767944336,0.11556524783372879,-0.01684996485710144,1]},{"name":"Bip001 Head","scale":[1,1,1],"children":[26,27],"parent":null,"position":[0.0240566153079271,9.53674295089968e-9,8.88178399847791e-18],"quat":[0.200951009988785,-0.304514497518539,-0.18944388628006,0.911592364311218],"path":"root/Bip001_Red/Bip001 Pelvis/Bip001 Spine/Bip001 Spine1/Bip001 Neck/Bip001 Head","uniqueBindPose":[0.0000013430886838250444,-0.000001402693328600435,1,0,6.123234262925839e-17,-1,-0.000001402693328600435,0,1,1.8840029362976463e-12,-0.0000013430887975118821,0,-0.2144542634487152,0.005869681015610695,-0.000020471934476518072,1]},{"name":"BaiYang_Bone002","scale":[1,1,1],"parent":null,"position":[0.0509020984172821,0.00586984260007739,-0.0588439404964447],"quat":[-0.36835765838623,0.669254243373871,0.603583931922913,0.228249505162239],"path":"root/Bip001_Red/Bip001 Pelvis/Bip001 Spine/Bip001 Spine1/Bip001 Neck/Bip001 Head/BaiYang_Bone002","uniqueBindPose":[-0.7501831650733948,0.6397473216056824,-0.16717852652072906,0,0.21751458942890167,-1.715140562907891e-8,-0.9760571718215942,0,-0.6244298815727234,-0.7685852646827698,-0.1391543596982956,0,0.12156831473112106,0.24158097803592682,0.02709151618182659,1]},{"name":"BaiYang_Bone001","scale":[1,1,1],"parent":null,"position":[0.0474624037742615,0.0058696698397398,0.0615385882556438],"quat":[0.222006946802139,0.594920516014099,0.671351552009583,-0.382190614938736],"path":"root/Bip001_Red/Bip001 Pelvis/Bip001 Spine/Bip001 Spine1/Bip001 Neck/Bip001 Head/BaiYang_Bone001","uniqueBindPose":[0.7528355717658997,0.6291036605834961,0.19356365501880646,0,0.24901360273361206,9.068133977052639e-8,-0.9684999585151672,0,-0.6092869639396667,0.7773212194442749,-0.15665532648563385,0,0.11323833465576172,-0.24232061207294464,0.02911497838795185,1]},{"name":"Body_BaiYang","scale":[2.53999996185303,2.53999996185303,2.53999996185303],"mesh":0,"skin":0,"parent":null,"position":[0,0,0],"quat":[-0.70710676908493,0,0,0.70710676908493],"path":"Body_BaiYang"}]}