{"__type__":"cc.Model","_name":"Body_p4","_nodes":[{"name":"RootNode","scale":[1,1,1],"children":[1,2],"position":[0,0,0],"quat":[0,0,0,1],"path":""},{"name":"Body_p4","scale":[2.53999996185303,2.53999996185303,2.53999996185303],"mesh":0,"skin":0,"parent":null,"position":[0,0,0],"quat":[-0.70710676908493,0,0,0.70710676908493],"path":"Body_p4"},{"name":"root","scale":[2.53999996185303,2.53999996185303,2.53999996185303],"children":[3],"parent":null,"position":[0,0,0],"quat":[2.1855694143369e-8,0,0,1],"path":"root"},{"name":"Bip001_Red","scale":[1,1,1],"children":[4],"parent":null,"position":[0.0234133899211884,0.108835779130459,0.00383885833434761],"quat":[-0.50484961271286,-0.495102912187576,-0.495102882385254,0.50484961271286],"path":"root/Bip001_Red"},{"name":"Bip001 Pelvis","scale":[1,1,1],"children":[5],"parent":null,"position":[0,0,0],"quat":[-0.5,-0.5,-0.499999314546585,0.500000715255737],"path":"root/Bip001_Red/Bip001 Pelvis","uniqueBindPose":[0.0000013867999086869531,0.0000027577068522077752,1,0,6.123234262925839e-17,-1,0.0000027577068522077752,0,1,-3.8243271396898315e-12,-0.0000013868001360606286,0,-0.12106810510158539,-0.0038388636894524097,1.7848371669515473e-7,1]},{"name":"Bip001 Spine","scale":[1,1,1],"children":[6,10,14],"parent":null,"position":[0.0182135198265314,-0.0000198999041458592,2.62260435590633e-8],"quat":[-0.00000213278144656215,-7.5107936936547e-7,0.0875524207949638,0.996159911155701],"path":"root/Bip001_Red/Bip001 Pelvis/Bip001 Spine","uniqueBindPose":[1.0916177961561857e-9,-0.0000014026936696609482,1,0,-0.000796317879576236,-0.9999997019767761,-0.0000014026923054188956,0,0.9999995827674866,-0.000796317879576236,-2.208607741138735e-9,0,-0.13928110897541046,-0.003707744413986802,-5.021076443512129e-9,1]},{"name":"Bip001 L Thigh","scale":[1,1,1],"children":[7],"parent":null,"position":[-0.0179308131337166,0.00319656357169151,0.0226948298513889],"quat":[0.22162427008152,0.962340831756592,0.0260794945061207,0.155250519514084],"path":"root/Bip001_Red/Bip001 Pelvis/Bip001 Spine/Bip001 L Thigh","uniqueBindPose":[0.03873826935887337,0.00808537844568491,-0.999216616153717,0,-0.046774428337812424,-0.9988564848899841,-0.00989584345370531,0,-0.9981540441513062,0.04712113365530968,-0.038315776735544205,0,0.11978590488433838,-0.009722810238599777,0.027277866378426552,1]},{"name":"Bip001 L Calf","scale":[1,1,1],"children":[8],"parent":null,"position":[0.0585832446813583,0,3.57627860658738e-9],"quat":[2.66187697192687e-17,3.78686957108696e-17,-0.376380175352097,0.926465332508087],"path":"root/Bip001_Red/Bip001 Pelvis/Bip001 Spine/Bip001 L Thigh/Bip001 L Calf","uniqueBindPose":[0.035501595586538315,0.01748322695493698,-0.999216616153717,0,0.2035985291004181,-0.9790043234825134,-0.00989583507180214,0,-0.9784104824066162,-0.2030877321958542,-0.0383157804608345,0,0.06169486418366432,0.005834511015564203,0.027277866378426552,1]},{"name":"Bip001 L Foot","scale":[1,1,1],"children":[9],"parent":null,"position":[0.0511104874312878,-2.22044599961948e-18,1.19209286886246e-9],"quat":[-0.0487854890525341,0.14890031516552,0.246115699410439,0.956491351127625],"path":"root/Bip001_Red/Bip001 Pelvis/Bip001 Spine/Bip001 L Thigh/Bip001 L Calf/Bip001 L Foot","uniqueBindPose":[4.386983931681243e-8,0.07812807708978653,-0.9969434142112732,0,-6.123234262925839e-17,-0.9969433546066284,-0.07812808454036713,0,-1,3.427466532812673e-9,-4.3735749244433464e-8,0,0.012585963122546673,0.0017231160309165716,0.02699587680399418,1]},{"name":"Bip001 L Toe0","scale":[1,1,1],"parent":null,"position":[0.0129501316696405,0.0234496351331472,0],"quat":[-8.61223199422056e-8,2.08905674980997e-7,0.70710700750351,0.707106530666351],"path":"root/Bip001_Red/Bip001 Pelvis/Bip001 Spine/Bip001 L Thigh/Bip001 L Calf/Bip001 L Foot/Bip001 L Toe0","uniqueBindPose":[0.07812808454036713,5.1005589085661995e-8,-0.9969434142112732,0,-0.9969433546066284,-3.9714198152296376e-8,-0.07812808454036713,0,-4.35777778307056e-8,1,4.7746897990919024e-8,0,-0.021726518869400024,0.0003641663060989231,0.02699587680399418,1]},{"name":"Bip001 R Thigh","scale":[1,1,1],"children":[11],"parent":null,"position":[-0.0179308131337166,0.0031966888345778,-0.022694805637002],"quat":[0.43782702088356,0.858869612216949,0.100433133542538,0.246096923947334],"path":"root/Bip001_Red/Bip001 Pelvis/Bip001 Spine/Bip001 R Thigh","uniqueBindPose":[-0.03873831406235695,-0.008082659915089607,-0.9992166757583618,0,-0.04677452892065048,-0.9988564848899841,0.009893132373690605,0,-0.9981540441513062,0.04712113365530968,0.03831595182418823,0,0.11978589743375778,-0.009722811169922352,-0.02727789804339409,1]},{"name":"Bip001 R Calf","scale":[1,1,1],"children":[12],"parent":null,"position":[0.0585832446813583,4.76837147544984e-9,4.76837147544984e-9],"quat":[-1.30238503839872e-17,2.35235061892096e-17,0.874863147735596,-0.484370231628418],"path":"root/Bip001_Red/Bip001 Pelvis/Bip001 Spine/Bip001 R Thigh/Bip001 R Calf","uniqueBindPose":[-0.03550232574343681,-0.017480557784438133,-0.9992166757583618,0,0.20359843969345093,-0.9790045022964478,0.009893074631690979,0,-0.9784104824066162,-0.20308774709701538,0.03831595554947853,0,0.061694853007793427,0.005834511015564203,-0.027277899906039238,1]},{"name":"Bip001 R Foot","scale":[1,1,1],"children":[13],"parent":null,"position":[0.0511104911565781,8.88178399847791e-18,-8.88178399847791e-18],"quat":[-0.184149876236916,0.159428223967552,0.241112440824509,0.939433991909027],"path":"root/Bip001_Red/Bip001 Pelvis/Bip001 Spine/Bip001 R Thigh/Bip001 R Calf/Bip001 R Foot","uniqueBindPose":[4.386984286952611e-8,-0.07812534272670746,-0.9969435930252075,0,-6.123234262925839e-17,-0.996943473815918,0.07812534272670746,0,-1,-3.4273468507706184e-9,-4.373576345528818e-8,0,0.012585964985191822,0.0017231141682714224,-0.026995906606316566,1]},{"name":"Bip001 R Toe0","scale":[1,1,1],"parent":null,"position":[0.0129501288756728,0.0234496351331472,2.38418573772492e-9],"quat":[5.59762725060864e-7,4.80737696761935e-7,0.70710700750351,0.707106530666351],"path":"root/Bip001_Red/Bip001 Pelvis/Bip001 Spine/Bip001 R Thigh/Bip001 R Calf/Bip001 R Foot/Bip001 R Toe0","uniqueBindPose":[-0.07812534272670746,-5.100559974380303e-8,-0.9969435930252075,0,-0.996943473815918,-3.971434026084353e-8,0.07812535762786865,0,-4.357778138341928e-8,1,-4.7747011677756745e-8,0,-0.021726518869400024,0.0003641663060989231,-0.026995906606316566,1]},{"name":"Bip001 Spine1","scale":[1,1,1],"children":[15],"parent":null,"position":[0.0253856275230646,-0.0000205600263143424,8.88178399847791e-18],"quat":[-6.84323708810552e-10,2.52967452540886e-10,1.73111621887365e-19,1],"path":"root/Bip001_Red/Bip001 Pelvis/Bip001 Spine/Bip001 Spine1","uniqueBindPose":[1.0916177961561857e-9,-0.0000014026936696609482,1,0,-0.000796317879576236,-0.9999997019767761,-0.0000014026923054188956,0,0.9999995827674866,-0.000796317879576236,-2.208607741138735e-9,0,-0.16466672718524933,-0.0036871880292892456,-4.964060718037899e-9,1]},{"name":"Bip001 Neck","scale":[1,1,1],"children":[16,21,26],"parent":null,"position":[0.0258184801787138,-0.0000238215925492113,-9.53674295089968e-9],"quat":[0.00025317826657556,-0.000420026015490294,0.0500462278723717,0.998746752738953],"path":"root/Bip001_Red/Bip001 Pelvis/Bip001 Spine/Bip001 Spine1/Bip001 Neck","uniqueBindPose":[0.0008642013999633491,0.0004622869018930942,0.9999995827674866,0,-0.10075918585062027,-0.994910717010498,0.0005470106843858957,0,0.9949104189872742,-0.10075961798429489,-0.0008132236544042826,0,-0.18989716470241547,0.015397288836538792,0.00015700269432272762,1]},{"name":"Bip001 L Clavicle","scale":[1,1,1],"children":[17],"parent":null,"position":[0.00000568389896216104,0.0000269722931989236,0.00657659769058228],"quat":[0.706503331661224,-0.0354909300804138,0.705909609794617,0.035847257822752],"path":"root/Bip001_Red/Bip001 Pelvis/Bip001 Spine/Bip001 Spine1/Bip001 Neck/Bip001 L Clavicle","uniqueBindPose":[1,-0.000001370906943520822,4.371132789060539e-8,0,0.000001370906943520822,1,6.350475700855895e-14,0,-4.371132789060539e-8,-3.580592074193482e-15,1,0,-0.006576589774340391,0.0038388718385249376,-0.1904798448085785,1]},{"name":"Bip001 L UpperArm","scale":[1,1,1],"children":[18],"parent":null,"position":[0.0219580363482237,-2.22044599961948e-18,0],"quat":[-0.338314801454544,0.355799496173859,0.161965623497963,0.85598886013031],"path":"root/Bip001_Red/Bip001 Pelvis/Bip001 Spine/Bip001 Spine1/Bip001 Neck/Bip001 L Clavicle/Bip001 L UpperArm","uniqueBindPose":[0.9037820100784302,-0.12075333297252655,0.41060522198677063,0,0.07031600922346115,0.9882306456565857,0.13585257530212402,0,-0.42217734456062317,-0.09390900284051895,0.9016358852386475,0,0.054897110909223557,0.025127079337835312,-0.18293841183185577,1]},{"name":"Bip001 L Forearm","scale":[1,1,1],"children":[19],"parent":null,"position":[0.0468186065554619,0,9.53674295089968e-9],"quat":[-2.37766929398223e-17,1.43192474832891e-17,-0.515905261039734,0.85664564371109],"path":"root/Bip001_Red/Bip001 Pelvis/Bip001 Spine/Bip001 Spine1/Bip001 Neck/Bip001 L Clavicle/Bip001 L UpperArm/Bip001 L Forearm","uniqueBindPose":[0.9117680788040161,0.009080978110432625,0.41060519218444824,0,-0.07102183252573013,0.9881801605224609,0.1358526051044464,0,-0.4045182466506958,-0.1530279815196991,0.9016359448432922,0,0.004420787561684847,0.02602093480527401,-0.18293841183185577,1]},{"name":"Bip001 L Hand","scale":[1,1,1],"children":[20],"parent":null,"position":[0.0423320569097996,-9.53674295089968e-9,3.55271359939116e-17],"quat":[-0.510750353336334,-0.216873601078987,0.0173814222216606,0.831743836402893],"path":"root/Bip001_Red/Bip001 Pelvis/Bip001 Spine/Bip001 Spine1/Bip001 Neck/Bip001 L Clavicle/Bip001 L UpperArm/Bip001 L Forearm/Bip001 L Hand","uniqueBindPose":[0.9117680788040161,-0.4105978310108185,0.009407930076122284,0,-0.07102183252573013,-0.1350656896829605,0.9882879257202148,0,-0.4045182466506958,-0.9017574787139893,-0.15230999886989594,0,-0.03791126236319542,0.18295909464359283,0.025875257328152657,1]},{"name":"Bip001 L Finger0","scale":[1,1,1],"parent":null,"position":[0.0194225218147039,-1.77635679969558e-17,0],"quat":[-0.00146532594226301,-0.000517053820658475,0.0825500190258026,0.996585726737976],"path":"root/Bip001_Red/Bip001 Pelvis/Bip001 Spine/Bip001 Spine1/Bip001 Neck/Bip001 L Clavicle/Bip001 L UpperArm/Bip001 L Forearm/Bip001 L Hand/Bip001 L Finger0","uniqueBindPose":[0.8317896127700806,-0.5550459027290344,0.007083490956574678,0,-0.09149786829948425,-0.12450958788394928,0.9879906177520752,0,-0.5474982261657715,-0.8224483132362366,-0.15435127913951874,0,-0.026428252458572388,0.18982037901878357,0.02646683342754841,1]},{"name":"Bip001 R Clavicle","scale":[1,1,1],"children":[22],"parent":null,"position":[-0.00000566482549402281,0.0000209093086596113,-0.00657660095021129],"quat":[-0.705909609794617,0.0358471497893333,0.706503391265869,0.0354908257722855],"path":"root/Bip001_Red/Bip001 Pelvis/Bip001 Spine/Bip001 Spine1/Bip001 Neck/Bip001 R Clavicle","uniqueBindPose":[-1,-0.000001370906943520822,4.371145223558415e-8,0,-0.000001370906943520822,1,5.6276865627443926e-14,0,-4.3711455788297826e-8,-3.647466172412156e-15,-1,0,-0.006576600484549999,0.0038388718385249376,0.1904798448085785,1]},{"name":"Bip001 R UpperArm","scale":[1,1,1],"children":[23],"parent":null,"position":[0.0219580382108688,4.44089199923895e-18,3.55271359939116e-17],"quat":[0.300076544284821,-0.482067286968231,0.069939911365509,0.820166826248169],"path":"root/Bip001_Red/Bip001 Pelvis/Bip001 Spine/Bip001 Spine1/Bip001 Neck/Bip001 R Clavicle/Bip001 R UpperArm","uniqueBindPose":[-0.9037822484970093,0.12075061351060867,0.4106055796146393,0,0.07031353563070297,0.9882309436798096,-0.13585145771503448,0,-0.4221773147583008,-0.09390900284051895,-0.9016359448432922,0,0.05489709600806236,0.025127079337835312,0.18293844163417816,1]},{"name":"Bip001 R Forearm","scale":[1,1,1],"children":[24],"parent":null,"position":[0.0468186065554619,9.53674295089968e-9,0],"quat":[2.65215362926243e-18,-2.23677082259852e-18,-0.644705295562744,0.764431238174438],"path":"root/Bip001_Red/Bip001 Pelvis/Bip001 Spine/Bip001 Spine1/Bip001 Neck/Bip001 R Clavicle/Bip001 R UpperArm/Bip001 R Forearm","uniqueBindPose":[-0.911767840385437,-0.009083694778382778,0.4106055796146393,0,-0.0710243433713913,0.9881800413131714,-0.13585147261619568,0,-0.4045182764530182,-0.1530279815196991,-0.9016359448432922,0,0.004420780576765537,0.02602093107998371,0.18293841183185577,1]},{"name":"Bip001 R Hand","scale":[1,1,1],"children":[25],"parent":null,"position":[0.0423320457339287,9.53674295089968e-9,8.88178399847791e-18],"quat":[0.564712047576904,0.106311447918415,-0.0115023981779814,0.818331182003021],"path":"root/Bip001_Red/Bip001 Pelvis/Bip001 Spine/Bip001 Spine1/Bip001 Neck/Bip001 R Clavicle/Bip001 R UpperArm/Bip001 R Forearm/Bip001 R Hand","uniqueBindPose":[-0.911767840385437,0.4105982184410095,0.009410646744072437,0,-0.0710243433713913,-0.13506455719470978,-0.9882879257202148,0,-0.4045182764530182,-0.9017574787139893,0.15230998396873474,0,-0.037911269813776016,0.18295909464359283,-0.025875255465507507,1]},{"name":"Bip001 R Finger0","scale":[1,1,1],"parent":null,"position":[0.0194225218147039,1.77635679969558e-17,1.77635679969558e-17],"quat":[0.00146535597741604,0.000517050852067769,0.0825500264763832,0.996585726737976],"path":"root/Bip001_Red/Bip001 Pelvis/Bip001 Spine/Bip001 Spine1/Bip001 Neck/Bip001 R Clavicle/Bip001 R UpperArm/Bip001 R Forearm/Bip001 R Hand/Bip001 R Finger0","uniqueBindPose":[-0.8317893743515015,0.5550462603569031,0.007086202502250671,0,-0.09150014072656631,-0.12450806051492691,-0.9879905581474304,0,-0.5474982261657715,-0.8224484324455261,0.15435127913951874,0,-0.026428265497088432,0.18982037901878357,-0.02646683342754841,1]},{"name":"Bip001 Head","scale":[1,1,1],"parent":null,"position":[0.030070761218667,2.38418573772492e-9,-4.44089199923895e-18],"quat":[-0.0348204411566257,0.00518263457342982,-0.137200146913528,0.989917576313019],"path":"root/Bip001_Red/Bip001 Pelvis/Bip001 Spine/Bip001 Spine1/Bip001 Neck/Bip001 Head","uniqueBindPose":[0.0000013430886838250444,-0.000001402693328600435,1,0,6.123234262925839e-17,-1,-0.000001402693328600435,0,1,1.8840029362976463e-12,-0.0000013430887975118821,0,-0.22039996087551117,-0.006844955030828714,-0.000025689640096970834,1]}]}