{"__type__":"cc.Model","_name":"Body_p3","_nodes":[{"name":"RootNode","scale":[1,1,1],"children":[1,2],"position":[0,0,0],"quat":[0,0,0,1],"path":""},{"name":"Body_p3","scale":[2.53999996185303,2.53999996185303,2.53999996185303],"mesh":0,"skin":0,"parent":null,"position":[-0.0022280253469944,0.00122720212675631,0],"quat":[-0.70710676908493,0,0,0.70710676908493],"path":"Body_p3"},{"name":"root","scale":[2.53999996185303,2.53999996185303,2.53999996185303],"children":[3],"parent":null,"position":[0,0,0],"quat":[2.1855694143369e-8,0,0,1],"path":"root"},{"name":"Bip001_Red","scale":[1,1,1],"children":[4,5],"parent":null,"position":[0.0234133899211884,0.108835779130459,0.00383885833434761],"quat":[-0.504849553108215,-0.495102971792221,-0.495102941989899,0.504849553108215],"path":"root/Bip001_Red"},{"name":"Bip001 Footsteps","scale":[1,1,1],"parent":null,"position":[0,0,-0.109281748533249],"quat":[-6.14133544123826e-31,6.29111505062907e-31,0.700181305408478,0.713965058326721],"path":"root/Bip001_Red/Bip001 Footsteps"},{"name":"Bip001 Pelvis","scale":[1,1,1],"children":[6],"parent":null,"position":[0,0,0],"quat":[-0.554671168327332,-0.397302597761154,-0.521060168743134,0.512822449207306],"path":"root/Bip001_Red/Bip001 Pelvis","uniqueBindPose":[0.0000013867999086869531,0.0000027577068522077752,1,0,6.123234262925839e-17,-1,0.0000027577068522077752,0,1,-3.8243271396898315e-12,-0.0000013868001360606286,0,-0.12106810510158539,-0.0038388636894524097,1.7848371669515473e-7,1]},{"name":"Bip001 Spine","scale":[1,1,1],"children":[7,12,17],"parent":null,"position":[0.0179466251283884,-0.00284011824987829,0.00125775812193751],"quat":[-0.0395298637449741,-0.0571883209049702,0.00741911446675658,0.997552931308746],"path":"root/Bip001_Red/Bip001 Pelvis/Bip001 Spine","uniqueBindPose":[1.0916177961561857e-9,-0.0000014026936696609482,1,0,-0.000796317879576236,-0.9999997019767761,-0.0000014026923054188956,0,0.9999995827674866,-0.000796317879576236,-2.208607741138735e-9,0,-0.13928110897541046,-0.003707744413986802,-5.021076443512129e-9,1]},{"name":"Bip001 L Thigh","scale":[1,1,1],"children":[8],"parent":null,"position":[-0.0158973596990108,0.00169866799842566,0.0186388902366161],"quat":[0.0381657481193542,0.983362674713135,0.109160259366035,0.140090242028236],"path":"root/Bip001_Red/Bip001 Pelvis/Bip001 Spine/Bip001 L Thigh","uniqueBindPose":[0.03873826935887337,0.00808537844568491,-0.999216616153717,0,-0.046774428337812424,-0.9988564848899841,-0.00989584345370531,0,-0.9981540441513062,0.04712113365530968,-0.038315776735544205,0,0.11978590488433838,-0.009722810238599777,0.027277866378426552,1]},{"name":"Bip001 L Calf","scale":[1,1,1],"children":[9],"parent":null,"position":[0.0585832446813583,5.9604643443123e-10,-3.33066899942921e-18],"quat":[5.22960747253735e-19,5.72171947010362e-17,-0.251392155885696,0.967885315418243],"path":"root/Bip001_Red/Bip001 Pelvis/Bip001 Spine/Bip001 L Thigh/Bip001 L Calf","uniqueBindPose":[0.035501595586538315,0.01748322695493698,-0.999216616153717,0,0.2035985291004181,-0.9790043234825134,-0.00989583507180214,0,-0.9784104824066162,-0.2030877321958542,-0.0383157804608345,0,0.06169486418366432,0.005834511015564203,0.027277866378426552,1]},{"name":"Bip001 L Foot","scale":[1,1,1],"children":[10],"parent":null,"position":[0.0511104911565781,2.38418573772492e-9,1.78813930329369e-9],"quat":[-0.0600721463561058,0.138679638504982,0.317275077104568,0.936213552951813],"path":"root/Bip001_Red/Bip001 Pelvis/Bip001 Spine/Bip001 L Thigh/Bip001 L Calf/Bip001 L Foot","uniqueBindPose":[4.386983931681243e-8,0.07812807708978653,-0.9969434142112732,0,-6.123234262925839e-17,-0.9969433546066284,-0.07812808454036713,0,-1,3.427466532812673e-9,-4.3735749244433464e-8,0,0.012585963122546673,0.0017231160309165716,0.02699587680399418,1]},{"name":"Bip001 L Toe0","scale":[1,1,1],"children":[11],"parent":null,"position":[0.0129501316696405,0.0234496369957924,-2.22044599961948e-18],"quat":[-3.6001701619881e-9,4.17868477597949e-7,0.707106947898865,0.707106649875641],"path":"root/Bip001_Red/Bip001 Pelvis/Bip001 Spine/Bip001 L Thigh/Bip001 L Calf/Bip001 L Foot/Bip001 L Toe0","uniqueBindPose":[0.07812808454036713,5.1005589085661995e-8,-0.9969434142112732,0,-0.9969433546066284,-3.9714198152296376e-8,-0.07812808454036713,0,-4.35777778307056e-8,1,4.7746897990919024e-8,0,-0.021726518869400024,0.0003641663060989231,0.02699587680399418,1]},{"name":"Bip001 L Toe0Nub","scale":[-1,-1,-1],"parent":null,"position":[0.00168914371170104,-2.98023217215615e-10,0],"quat":[-1.05193631583234e-14,-3.5527136788005e-15,1,-1.4272086726959e-14],"path":"root/Bip001_Red/Bip001 Pelvis/Bip001 Spine/Bip001 L Thigh/Bip001 L Calf/Bip001 L Foot/Bip001 L Toe0/Bip001 L Toe0Nub"},{"name":"Bip001 R Thigh","scale":[1,1,1],"children":[13],"parent":null,"position":[-0.019932946190238,0.00453272787854075,-0.0165705755352974],"quat":[0.49898761510849,0.81934118270874,0.209852367639542,0.18882092833519],"path":"root/Bip001_Red/Bip001 Pelvis/Bip001 Spine/Bip001 R Thigh","uniqueBindPose":[-0.03873831406235695,-0.008082659915089607,-0.9992166757583618,0,-0.04677452892065048,-0.9988564848899841,0.009893132373690605,0,-0.9981540441513062,0.04712113365530968,0.03831595182418823,0,0.11978589743375778,-0.009722811169922352,-0.02727789804339409,1]},{"name":"Bip001 R Calf","scale":[1,1,1],"children":[14],"parent":null,"position":[0.0585832521319389,4.76837147544984e-9,0],"quat":[1.25708110071174e-17,-6.79756447142438e-17,0.882923245429993,-0.469517320394516],"path":"root/Bip001_Red/Bip001 Pelvis/Bip001 Spine/Bip001 R Thigh/Bip001 R Calf","uniqueBindPose":[-0.03550232574343681,-0.017480557784438133,-0.9992166757583618,0,0.20359843969345093,-0.9790045022964478,0.009893074631690979,0,-0.9784104824066162,-0.20308774709701538,0.03831595554947853,0,0.061694853007793427,0.005834511015564203,-0.027277899906039238,1]},{"name":"Bip001 R Foot","scale":[1,1,1],"children":[15],"parent":null,"position":[0.0511104799807072,-8.88178399847791e-18,0],"quat":[-0.190526366233826,0.170513957738876,0.217778041958809,0.941911578178406],"path":"root/Bip001_Red/Bip001 Pelvis/Bip001 Spine/Bip001 R Thigh/Bip001 R Calf/Bip001 R Foot","uniqueBindPose":[4.386984286952611e-8,-0.07812534272670746,-0.9969435930252075,0,-6.123234262925839e-17,-0.996943473815918,0.07812534272670746,0,-1,-3.4273468507706184e-9,-4.373576345528818e-8,0,0.012585964985191822,0.0017231141682714224,-0.026995906606316566,1]},{"name":"Bip001 R Toe0","scale":[1,1,1],"children":[16],"parent":null,"position":[0.0129501288756728,0.0234496388584375,0],"quat":[-2.63420552037985e-9,6.24300071194739e-7,0.707106828689575,0.707106709480286],"path":"root/Bip001_Red/Bip001 Pelvis/Bip001 Spine/Bip001 R Thigh/Bip001 R Calf/Bip001 R Foot/Bip001 R Toe0","uniqueBindPose":[-0.07812534272670746,-5.100559974380303e-8,-0.9969435930252075,0,-0.996943473815918,-3.971434026084353e-8,0.07812535762786865,0,-4.357778138341928e-8,1,-4.7747011677756745e-8,0,-0.021726518869400024,0.0003641663060989231,-0.026995906606316566,1]},{"name":"Bip001 R Toe0Nub","scale":[1,1,1],"parent":null,"position":[0.00168914312962443,-2.38418573772492e-9,-4.76837147544984e-9],"quat":[1.86264514923096e-9,1.86264537127556e-9,1.49011611938477e-8,1],"path":"root/Bip001_Red/Bip001 Pelvis/Bip001 Spine/Bip001 R Thigh/Bip001 R Calf/Bip001 R Foot/Bip001 R Toe0/Bip001 R Toe0Nub"},{"name":"Bip001 Spine1","scale":[1,1,1],"children":[18,45,47],"parent":null,"position":[0.0253854263573885,-0.0000205516807909589,-8.2254409505822e-8],"quat":[0.00193686713464558,-0.00558332586660981,-0.00413919286802411,0.999973952770233],"path":"root/Bip001_Red/Bip001 Pelvis/Bip001 Spine/Bip001 Spine1","uniqueBindPose":[1.0916177961561857e-9,-0.0000014026936696609482,1,0,-0.000796317879576236,-0.9999997019767761,-0.0000014026923054188956,0,0.9999995827674866,-0.000796317879576236,-2.208607741138735e-9,0,-0.16466672718524933,-0.0036871880292892456,-4.964060718037899e-9,1]},{"name":"Bip001 Neck","scale":[1,1,1],"children":[19,25,32],"parent":null,"position":[0.0258185192942619,-0.0000238275515584974,-1.07288355977175e-8],"quat":[0.000253172591328621,-0.000420015770941973,0.0500462427735329,0.998746752738953],"path":"root/Bip001_Red/Bip001 Pelvis/Bip001 Spine/Bip001 Spine1/Bip001 Neck","uniqueBindPose":[0.00086420145817101,0.00046228678547777236,0.9999995827674866,0,-0.10075920820236206,-0.994910717010498,0.0005470106261782348,0,0.9949104189872742,-0.10075964033603668,-0.0008132237126119435,0,-0.18989716470241547,0.015397290699183941,0.00015700269432272762,1]},{"name":"Bip001 L Clavicle","scale":[1,1,1],"children":[20],"parent":null,"position":[0.00000566482549402281,0.0000269722931989236,0.00657660001888871],"quat":[0.706503033638,-0.0354972146451473,0.705909311771393,0.0358535386621952],"path":"root/Bip001_Red/Bip001 Pelvis/Bip001 Spine/Bip001 Spine1/Bip001 Neck/Bip001 L Clavicle","uniqueBindPose":[1,-0.000001370906943520822,4.371132789060539e-8,0,0.000001370906943520822,1,6.350475700855895e-14,0,-4.371132789060539e-8,-3.580592074193482e-15,1,0,-0.006576589774340391,0.0038388718385249376,-0.1904798448085785,1]},{"name":"Bip001 L UpperArm","scale":[1,1,1],"children":[21],"parent":null,"position":[0.0219580363482237,-4.44089199923895e-18,0],"quat":[-0.377754747867584,0.301553189754486,0.256580412387848,0.836978793144226],"path":"root/Bip001_Red/Bip001 Pelvis/Bip001 Spine/Bip001 Spine1/Bip001 Neck/Bip001 L Clavicle/Bip001 L UpperArm","uniqueBindPose":[0.9037820100784302,-0.12075333297252655,0.41060522198677063,0,0.07031600922346115,0.9882306456565857,0.13585257530212402,0,-0.42217734456062317,-0.09390900284051895,0.9016358852386475,0,0.054897110909223557,0.025127079337835312,-0.18293841183185577,1]},{"name":"Bip001 L Forearm","scale":[1,1,1],"children":[22],"parent":null,"position":[0.0468186065554619,-9.53674295089968e-9,-1.77635679969558e-17],"quat":[2.37766929398223e-17,-1.43192474832891e-17,-0.515905261039734,0.85664564371109],"path":"root/Bip001_Red/Bip001 Pelvis/Bip001 Spine/Bip001 Spine1/Bip001 Neck/Bip001 L Clavicle/Bip001 L UpperArm/Bip001 L Forearm","uniqueBindPose":[0.9117680788040161,0.009080978110432625,0.41060519218444824,0,-0.07102183252573013,0.9881801605224609,0.1358526051044464,0,-0.4045182466506958,-0.1530279815196991,0.9016359448432922,0,0.004420787561684847,0.02602093480527401,-0.18293841183185577,1]},{"name":"Bip001 L Hand","scale":[1,1,1],"children":[23],"parent":null,"position":[0.0423320420086384,0,1.77635679969558e-17],"quat":[-0.510750412940979,-0.216873586177826,0.0173814073204994,0.831743776798248],"path":"root/Bip001_Red/Bip001 Pelvis/Bip001 Spine/Bip001 Spine1/Bip001 Neck/Bip001 L Clavicle/Bip001 L UpperArm/Bip001 L Forearm/Bip001 L Hand","uniqueBindPose":[0.9117680788040161,-0.4105978310108185,0.009407930076122284,0,-0.07102183252573013,-0.1350656896829605,0.9882879257202148,0,-0.4045182466506958,-0.9017574787139893,-0.15230999886989594,0,-0.03791126236319542,0.18295909464359283,0.025875257328152657,1]},{"name":"Bip001 L Finger0","scale":[1,1,1],"children":[24],"parent":null,"position":[0.0194225404411554,9.53674295089968e-9,4.76837147544984e-9],"quat":[-0.0014653573743999,-0.000517033971846104,0.0825500190258026,0.996585726737976],"path":"root/Bip001_Red/Bip001 Pelvis/Bip001 Spine/Bip001 Spine1/Bip001 Neck/Bip001 L Clavicle/Bip001 L UpperArm/Bip001 L Forearm/Bip001 L Hand/Bip001 L Finger0","uniqueBindPose":[0.8317896127700806,-0.5550459027290344,0.007083490956574678,0,-0.09149786829948425,-0.12450958788394928,0.9879906177520752,0,-0.5474982261657715,-0.8224483132362366,-0.15435127913951874,0,-0.026428252458572388,0.18982037901878357,0.02646683342754841,1]},{"name":"Bip001 L Finger0Nub","scale":[1,1,1],"parent":null,"position":[0.0136771583929658,-9.53674295089968e-9,-4.76837147544984e-9],"quat":[5.55111512312578e-17,2.77555756156289e-17,7.45058059692383e-9,1],"path":"root/Bip001_Red/Bip001 Pelvis/Bip001 Spine/Bip001 Spine1/Bip001 Neck/Bip001 L Clavicle/Bip001 L UpperArm/Bip001 L Forearm/Bip001 L Hand/Bip001 L Finger0/Bip001 L Finger0Nub"},{"name":"Bip001 R Clavicle","scale":[1,1,1],"children":[26],"parent":null,"position":[-0.00000570297243029927,0.0000209140780498274,-0.00657660095021129],"quat":[-0.705909550189972,0.0358483828604221,0.706503331661224,0.035492055118084],"path":"root/Bip001_Red/Bip001 Pelvis/Bip001 Spine/Bip001 Spine1/Bip001 Neck/Bip001 R Clavicle","uniqueBindPose":[-1,-0.000001370906943520822,4.371145223558415e-8,0,-0.000001370906943520822,1,5.6276865627443926e-14,0,-4.3711455788297826e-8,-3.647466172412156e-15,-1,0,-0.006576600484549999,0.0038388718385249376,0.1904798448085785,1]},{"name":"Bip001 R UpperArm","scale":[1,1,1],"children":[27],"parent":null,"position":[0.0219580363482237,-4.44089199923895e-18,1.90734859017994e-8],"quat":[0.239031255245209,-0.525047421455383,-0.0207496881484985,0.816552937030792],"path":"root/Bip001_Red/Bip001 Pelvis/Bip001 Spine/Bip001 Spine1/Bip001 Neck/Bip001 R Clavicle/Bip001 R UpperArm","uniqueBindPose":[-0.9037822484970093,0.12075061351060867,0.4106055796146393,0,0.07031353563070297,0.9882309436798096,-0.13585145771503448,0,-0.4221773147583008,-0.09390900284051895,-0.9016359448432922,0,0.05489709600806236,0.025127079337835312,0.18293844163417816,1]},{"name":"Bip001 R Forearm","scale":[1,1,1],"children":[28],"parent":null,"position":[0.0468185991048813,-1.77635679969558e-17,8.88178399847791e-18],"quat":[1.34181733790506e-18,-7.37492462758557e-17,-0.644705295562744,0.764431238174438],"path":"root/Bip001_Red/Bip001 Pelvis/Bip001 Spine/Bip001 Spine1/Bip001 Neck/Bip001 R Clavicle/Bip001 R UpperArm/Bip001 R Forearm","uniqueBindPose":[-0.911767840385437,-0.009083694778382778,0.4106055796146393,0,-0.0710243433713913,0.9881800413131714,-0.13585147261619568,0,-0.4045182764530182,-0.1530279815196991,-0.9016359448432922,0,0.004420780576765537,0.02602093107998371,0.18293841183185577,1]},{"name":"Bip001 R Hand","scale":[1,1,1],"children":[29,31],"parent":null,"position":[0.0423320382833481,1.77635679969558e-17,0],"quat":[0.564712047576904,0.106311440467834,-0.0115023907274008,0.818331182003021],"path":"root/Bip001_Red/Bip001 Pelvis/Bip001 Spine/Bip001 Spine1/Bip001 Neck/Bip001 R Clavicle/Bip001 R UpperArm/Bip001 R Forearm/Bip001 R Hand","uniqueBindPose":[-0.911767840385437,0.4105982184410095,0.009410646744072437,0,-0.0710243433713913,-0.13506455719470978,-0.9882879257202148,0,-0.4045182764530182,-0.9017574787139893,0.15230998396873474,0,-0.037911269813776016,0.18295909464359283,-0.025875255465507507,1]},{"name":"Bip001 R Finger0","scale":[1,1,1],"children":[30],"parent":null,"position":[0.0194225218147039,9.53674295089968e-9,9.53674295089968e-9],"quat":[0.00146535597741604,0.000517050793860108,0.0825500190258026,0.996585726737976],"path":"root/Bip001_Red/Bip001 Pelvis/Bip001 Spine/Bip001 Spine1/Bip001 Neck/Bip001 R Clavicle/Bip001 R UpperArm/Bip001 R Forearm/Bip001 R Hand/Bip001 R Finger0","uniqueBindPose":[-0.8317893743515015,0.5550462603569031,0.007086202502250671,0,-0.09150014072656631,-0.12450806051492691,-0.9879905581474304,0,-0.5474982261657715,-0.8224484324455261,0.15435127913951874,0,-0.026428265497088432,0.18982037901878357,-0.02646683342754841,1]},{"name":"Bip001 R Finger0Nub","scale":[-1,-1,-1],"parent":null,"position":[0.0136771770194173,0,1.77635679969558e-17],"quat":[-1.74040906131268e-8,1.49011611938477e-8,1,3.49828042089939e-8],"path":"root/Bip001_Red/Bip001 Pelvis/Bip001 Spine/Bip001 Spine1/Bip001 Neck/Bip001 R Clavicle/Bip001 R UpperArm/Bip001 R Forearm/Bip001 R Hand/Bip001 R Finger0/Bip001 R Finger0Nub"},{"name":"p3_HuaTongBone001","scale":[1,1,1],"parent":null,"position":[0.0162129104137421,0.0179327297955751,0.0370222553610802],"quat":[-0.494352400302887,0.575125634670258,0.298250079154968,0.579562842845917],"path":"root/Bip001_Red/Bip001 Pelvis/Bip001 Spine/Bip001 Spine1/Bip001 Neck/Bip001 R Clavicle/Bip001 R UpperArm/Bip001 R Forearm/Bip001 R Hand/p3_HuaTongBone001","uniqueBindPose":[-0.008438530378043652,0.9999643564224243,0.000013902768841944635,0,1.2071414801084757e-7,0.000013904282241128385,-1,0,-0.9999643564224243,-0.008438530378043652,-2.3804155091511348e-7,0,0.17332635819911957,0.16414874792099,0.000002295656940987101,1]},{"name":"Bip001 Head","scale":[1,1,1],"children":[33,34,37,40,43],"parent":null,"position":[0.0300707425922155,0,-1.19209286886246e-9],"quat":[0.0811964198946953,0.0233841966837645,-0.133432447910309,0.987449288368225],"path":"root/Bip001_Red/Bip001 Pelvis/Bip001 Spine/Bip001 Spine1/Bip001 Neck/Bip001 Head","uniqueBindPose":[0.0000013430886838250444,-0.000001402693328600435,1,0,6.123234262925839e-17,-1,-0.000001402693328600435,0,1,1.8840029362976463e-12,-0.0000013430887975118821,0,-0.22039996087551117,-0.006844955030828714,-0.00002568964373494964,1]},{"name":"Bip001 HeadNub","scale":[1,1,1],"parent":null,"position":[0.106038756668568,-2.38418573772492e-9,0],"quat":[-1.86264670354319e-9,-1.11022315697405e-16,2.11551441660437e-22,1],"path":"root/Bip001_Red/Bip001 Pelvis/Bip001 Spine/Bip001 Spine1/Bip001 Neck/Bip001 Head/Bip001 HeadNub"},{"name":"p1_Bone001(mirrored)","scale":[1,1,1],"children":[35],"parent":null,"position":[0.195960685610771,-0.100499466061592,-0.109286077320576],"quat":[-0.0558150075376034,-0.215499460697174,0.958139359951019,-0.180037751793861],"path":"root/Bip001_Red/Bip001 Pelvis/Bip001 Spine/Bip001 Spine1/Bip001 Neck/Bip001 Head/p1_Bone001(mirrored)"},{"name":"p1_Bone002(mirrored)","scale":[1,1,1],"children":[36],"parent":null,"position":[0.122404232621193,0,-4.76837147544984e-9],"quat":[-0.041766669601202,-0.0432400219142437,-0.116560481488705,0.991362452507019],"path":"root/Bip001_Red/Bip001 Pelvis/Bip001 Spine/Bip001 Spine1/Bip001 Neck/Bip001 Head/p1_Bone001(mirrored)/p1_Bone002(mirrored)"},{"name":"p1_Bone003(mirrored)","scale":[1,1,1],"parent":null,"position":[0.11554142087698,1.90734859017994e-8,1.54972070731674e-8],"quat":[-0.0943003073334694,0.00877384003251791,-0.289463430643082,0.95249217748642],"path":"root/Bip001_Red/Bip001 Pelvis/Bip001 Spine/Bip001 Spine1/Bip001 Neck/Bip001 Head/p1_Bone001(mirrored)/p1_Bone002(mirrored)/p1_Bone003(mirrored)"},{"name":"p1_Bone001","scale":[1,1,1],"children":[38],"parent":null,"position":[0.195960730314255,-0.100499778985977,0.10985953360796],"quat":[-0.184661939740181,0.959165215492249,-0.203473284840584,-0.0670867264270782],"path":"root/Bip001_Red/Bip001 Pelvis/Bip001 Spine/Bip001 Spine1/Bip001 Neck/Bip001 Head/p1_Bone001"},{"name":"p1_Bone002","scale":[1,1,1],"children":[39],"parent":null,"position":[0.122404173016548,-1.90734859017994e-8,3.55271359939116e-17],"quat":[0.0441960990428925,-0.0524631962180138,0.114474385976791,0.991054952144623],"path":"root/Bip001_Red/Bip001 Pelvis/Bip001 Spine/Bip001 Spine1/Bip001 Neck/Bip001 Head/p1_Bone001/p1_Bone002"},{"name":"p1_Bone003","scale":[1,1,1],"parent":null,"position":[0.115541473031044,-1.90734859017994e-8,9.53674295089968e-9],"quat":[0.104963064193726,-0.023616150021553,0.291333258152008,0.950552463531494],"path":"root/Bip001_Red/Bip001 Pelvis/Bip001 Spine/Bip001 Spine1/Bip001 Neck/Bip001 Head/p1_Bone001/p1_Bone002/p1_Bone003"},{"name":"p2_Bone001","scale":[1,1,1],"children":[41],"parent":null,"position":[0.27080374956131,-0.129240989685059,-0.0000260901451838436],"quat":[-0.228168070316315,0.973621785640717,7.23876610209118e-7,1.47882346368533e-7],"path":"root/Bip001_Red/Bip001 Pelvis/Bip001 Spine/Bip001 Spine1/Bip001 Neck/Bip001 Head/p2_Bone001"},{"name":"p2_Bone002","scale":[1,1,1],"children":[42],"parent":null,"position":[0.130261152982712,-1.90734859017994e-8,0],"quat":[-0.0187491420656443,-0.0238423272967339,0.244613334536552,0.969146192073822],"path":"root/Bip001_Red/Bip001 Pelvis/Bip001 Spine/Bip001 Spine1/Bip001 Neck/Bip001 Head/p2_Bone001/p2_Bone002"},{"name":"p2_Bone003","scale":[1,1,1],"parent":null,"position":[0.171770378947258,-6.4849854197746e-7,1.19209286886246e-9],"quat":[-0.00296452827751637,-0.0181810427457094,0.0493921004235744,0.998609602451324],"path":"root/Bip001_Red/Bip001 Pelvis/Bip001 Spine/Bip001 Spine1/Bip001 Neck/Bip001 Head/p2_Bone001/p2_Bone002/p2_Bone003"},{"name":"ChuNv_HeadBone003","scale":[1,1,1],"children":[44],"parent":null,"position":[0.0733142644166946,-0.0655799210071564,-0.0000208473193197278],"quat":[-0.021043173968792,0.999778568744659,7.14223915565526e-7,-5.87473003577088e-8],"path":"root/Bip001_Red/Bip001 Pelvis/Bip001 Spine/Bip001 Spine1/Bip001 Neck/Bip001 Head/ChuNv_HeadBone003"},{"name":"ChuNv_HeadBone004","scale":[1,1,1],"parent":null,"position":[0.0740562453866005,9.53674295089968e-9,-2.38418573772492e-9],"quat":[-4.47668957459513e-10,-8.2186368821624e-11,0.0241308268159628,0.999708831310272],"path":"root/Bip001_Red/Bip001 Pelvis/Bip001 Spine/Bip001 Spine1/Bip001 Neck/Bip001 Head/ChuNv_HeadBone003/ChuNv_HeadBone004"},{"name":"ChuNv_RBone001","scale":[1,1,1],"children":[46],"parent":null,"position":[-0.00316797243431211,-0.0176096819341183,-0.011200406588614],"quat":[0.661998331546783,-0.482586771249771,-0.311976611614227,-0.481184810400009],"path":"root/Bip001_Red/Bip001 Pelvis/Bip001 Spine/Bip001 Spine1/ChuNv_RBone001"},{"name":"ChuNv_RBone002","scale":[1,1,1],"parent":null,"position":[0.072506308555603,9.53674295089968e-9,-3.09944141463347e-8],"quat":[-0.0161253586411476,-0.000353574811015278,-0.0388467125594616,0.999114990234375],"path":"root/Bip001_Red/Bip001 Pelvis/Bip001 Spine/Bip001 Spine1/ChuNv_RBone001/ChuNv_RBone002"},{"name":"ChuNv_LBone001","scale":[1,1,1],"children":[48],"parent":null,"position":[-0.00316797243431211,-0.0176097098737955,0.0087995883077383],"quat":[-0.324118137359619,-0.44935330748558,-0.603349804878235,0.573583483695984],"path":"root/Bip001_Red/Bip001 Pelvis/Bip001 Spine/Bip001 Spine1/ChuNv_LBone001"},{"name":"ChuNv_LBone002","scale":[1,1,1],"parent":null,"position":[0.0725063756108284,-9.53674295089968e-9,-4.76837147544984e-9],"quat":[0.016125313937664,-0.000353552488377318,0.0388466864824295,0.999114990234375],"path":"root/Bip001_Red/Bip001 Pelvis/Bip001 Spine/Bip001 Spine1/ChuNv_LBone001/ChuNv_LBone002"}]}