{"__type__":"cc.Model","_name":"Body_p1","_nodes":[{"name":"RootNode","scale":[1,1,1],"children":[1,2],"position":[0,0,0],"quat":[0,0,0,1],"path":""},{"name":"Body_p1","scale":[2.53999996185303,2.53999996185303,2.53999996185303],"mesh":0,"skin":0,"parent":null,"position":[0,0,0],"quat":[-0.70710676908493,0,0,0.70710676908493],"path":"Body_p1"},{"name":"root","scale":[2.53999996185303,2.53999996185303,2.53999996185303],"children":[3],"parent":null,"position":[0,0,0],"quat":[2.1855694143369e-8,0,0,1],"path":"root"},{"name":"Bip001_Red","scale":[1,1,1],"children":[4],"parent":null,"position":[0.0234133899211884,0.108835779130459,0.00383885833434761],"quat":[-0.504849553108215,-0.495102971792221,-0.495102941989899,0.504849553108215],"path":"root/Bip001_Red","uniqueBindPose":[0.000001370906943520822,1,-6.123234262925839e-17,0,-1,0.000001370906943520822,6.123225660247469e-17,0,6.123234262925839e-17,6.123225660247469e-17,1,0,-0.0038388636894524097,5.262724478427572e-9,-0.12106810510158539,1]},{"name":"Bip001 Pelvis","scale":[1,1,1],"children":[5],"parent":null,"position":[0,0,0],"quat":[-0.5,-0.5,-0.499999314546585,0.500000715255737],"path":"root/Bip001_Red/Bip001 Pelvis","uniqueBindPose":[0.0000013867999086869531,0.0000027577068522077752,1,0,6.123234262925839e-17,-1,0.0000027577068522077752,0,1,-3.8243271396898315e-12,-0.0000013868001360606286,0,-0.12106810510158539,-0.0038388636894524097,1.7848371669515473e-7,1]},{"name":"Bip001 Spine","scale":[1,1,1],"children":[6,10,14],"parent":null,"position":[0.0182135105133057,-0.0000199002024601214,2.62260435590633e-8],"quat":[-0.00000213278144656215,-7.51079312522052e-7,0.0875524207949638,0.996159911155701],"path":"root/Bip001_Red/Bip001 Pelvis/Bip001 Spine","uniqueBindPose":[1.0916177961561857e-9,-0.0000014026936696609482,1,0,-0.000796317879576236,-0.9999997019767761,-0.0000014026923054188956,0,0.9999995827674866,-0.000796317879576236,-2.208607741138735e-9,0,-0.13928110897541046,-0.003707744413986802,-5.021076443512129e-9,1]},{"name":"Bip001 L Thigh","scale":[1,1,1],"children":[7],"parent":null,"position":[-0.0179308038204908,0.00319656357169151,0.0226948261260986],"quat":[0.22162501513958,0.962340593338013,0.0260796137154102,0.155250549316406],"path":"root/Bip001_Red/Bip001 Pelvis/Bip001 Spine/Bip001 L Thigh","uniqueBindPose":[0.03873826935887337,0.00808537844568491,-0.999216616153717,0,-0.046774428337812424,-0.9988564848899841,-0.00989584345370531,0,-0.9981540441513062,0.04712113365530968,-0.038315776735544205,0,0.11978590488433838,-0.009722810238599777,0.027277866378426552,1]},{"name":"Bip001 L Calf","scale":[1,1,1],"children":[8],"parent":null,"position":[0.0585832521319389,-4.44089199923895e-18,2.38418573772492e-9],"quat":[8.88952889055324e-18,-2.42079319716482e-17,-0.37638059258461,0.926465153694153],"path":"root/Bip001_Red/Bip001 Pelvis/Bip001 Spine/Bip001 L Thigh/Bip001 L Calf","uniqueBindPose":[0.035501595586538315,0.01748322695493698,-0.999216616153717,0,0.2035985291004181,-0.9790043234825134,-0.00989583507180214,0,-0.9784104824066162,-0.2030877321958542,-0.0383157804608345,0,0.06169486418366432,0.005834511015564203,0.027277866378426552,1]},{"name":"Bip001 L Foot","scale":[1,1,1],"children":[9],"parent":null,"position":[0.0511104762554169,-1.19209286886246e-9,-1.19209286886246e-9],"quat":[-0.0487853549420834,0.148900404572487,0.246115416288376,0.956491410732269],"path":"root/Bip001_Red/Bip001 Pelvis/Bip001 Spine/Bip001 L Thigh/Bip001 L Calf/Bip001 L Foot","uniqueBindPose":[4.386983931681243e-8,0.07812807708978653,-0.9969434142112732,0,-6.123234262925839e-17,-0.9969433546066284,-0.07812808454036713,0,-1,3.427466532812673e-9,-4.3735749244433464e-8,0,0.012585963122546673,0.0017231160309165716,0.02699587680399418,1]},{"name":"Bip001 L Toe0","scale":[1,1,1],"parent":null,"position":[0.0129501288756728,0.0234496369957924,1.19209286886246e-9],"quat":[-3.59057636956095e-8,2.16975379885298e-7,0.707106947898865,0.707106649875641],"path":"root/Bip001_Red/Bip001 Pelvis/Bip001 Spine/Bip001 L Thigh/Bip001 L Calf/Bip001 L Foot/Bip001 L Toe0"},{"name":"Bip001 R Thigh","scale":[1,1,1],"children":[11],"parent":null,"position":[-0.0179308038204908,0.00319668999873102,-0.0226948112249374],"quat":[0.437826931476593,0.858869612216949,0.100433237850666,0.246096953749657],"path":"root/Bip001_Red/Bip001 Pelvis/Bip001 Spine/Bip001 R Thigh","uniqueBindPose":[-0.03873831406235695,-0.008082659915089607,-0.9992166757583618,0,-0.04677452892065048,-0.9988564848899841,0.009893132373690605,0,-0.9981540441513062,0.04712113365530968,0.03831595182418823,0,0.11978589743375778,-0.009722811169922352,-0.02727789804339409,1]},{"name":"Bip001 R Calf","scale":[1,1,1],"children":[12],"parent":null,"position":[0.0585832484066486,-8.88178399847791e-18,4.76837147544984e-9],"quat":[1.06823891015221e-17,-6.94340104562891e-17,0.87486320734024,-0.484370082616806],"path":"root/Bip001_Red/Bip001 Pelvis/Bip001 Spine/Bip001 R Thigh/Bip001 R Calf","uniqueBindPose":[-0.03550232574343681,-0.017480557784438133,-0.9992166757583618,0,0.20359843969345093,-0.9790045022964478,0.009893074631690979,0,-0.9784104824066162,-0.20308774709701538,0.03831595554947853,0,0.061694853007793427,0.005834511015564203,-0.027277899906039238,1]},{"name":"Bip001 R Foot","scale":[1,1,1],"children":[13],"parent":null,"position":[0.0511104762554169,4.76837147544984e-9,0],"quat":[-0.184150010347366,0.159428253769875,0.241112694144249,0.939433932304382],"path":"root/Bip001_Red/Bip001 Pelvis/Bip001 Spine/Bip001 R Thigh/Bip001 R Calf/Bip001 R Foot","uniqueBindPose":[4.386984286952611e-8,-0.07812534272670746,-0.9969435930252075,0,-6.123234262925839e-17,-0.996943473815918,0.07812534272670746,0,-1,-3.4273468507706184e-9,-4.373576345528818e-8,0,0.012585964985191822,0.0017231141682714224,-0.026995906606316566,1]},{"name":"Bip001 R Toe0","scale":[1,1,1],"parent":null,"position":[0.0129501316696405,0.0234496369957924,-4.44089199923895e-18],"quat":[-7.90287923990718e-9,6.61178717109578e-7,0.707107186317444,0.707106411457062],"path":"root/Bip001_Red/Bip001 Pelvis/Bip001 Spine/Bip001 R Thigh/Bip001 R Calf/Bip001 R Foot/Bip001 R Toe0"},{"name":"Bip001 Spine1","scale":[1,1,1],"children":[15],"parent":null,"position":[0.0253856275230646,-0.0000205588330572937,-2.38418573772492e-9],"quat":[-7.04631020198576e-10,2.19131379708415e-11,1.38932279611284e-17,1],"path":"root/Bip001_Red/Bip001 Pelvis/Bip001 Spine/Bip001 Spine1","uniqueBindPose":[1.0916177961561857e-9,-0.0000014026936696609482,1,0,-0.000796317879576236,-0.9999997019767761,-0.0000014026923054188956,0,0.9999995827674866,-0.000796317879576236,-2.208607741138735e-9,0,-0.16466672718524933,-0.0036871880292892456,-4.964060718037899e-9,1]},{"name":"Bip001 Neck","scale":[1,1,1],"children":[16,23,28],"parent":null,"position":[0.0258185099810362,-0.0000238251686823787,-1.19209282445354e-8],"quat":[0.00025317826657556,-0.000420026393840089,0.050046231597662,0.998746752738953],"path":"root/Bip001_Red/Bip001 Pelvis/Bip001 Spine/Bip001 Spine1/Bip001 Neck","uniqueBindPose":[0.0008642013417556882,0.00046228678547777236,0.9999995827674866,0,-0.1007591187953949,-0.9949106574058533,0.0005470105679705739,0,0.9949104189872742,-0.10075955092906952,-0.0008132236544042826,0,-0.18989716470241547,0.015397275798022747,0.00015700269432272762,1]},{"name":"Bip001 Head","scale":[1,1,1],"children":[17,20],"parent":null,"position":[0.030070761218667,4.44089199923895e-18,0],"quat":[-0.0348204411566257,0.00518263503909111,-0.137200146913528,0.989917576313019],"path":"root/Bip001_Red/Bip001 Pelvis/Bip001 Spine/Bip001 Spine1/Bip001 Neck/Bip001 Head","uniqueBindPose":[0.0000013430886838250444,-0.000001402693328600435,1,0,6.123234262925839e-17,-1,-0.000001402693328600435,0,1,1.8840029362976463e-12,-0.0000013430887975118821,0,-0.22039996087551117,-0.006844952702522278,-0.000025689640096970834,1]},{"name":"p1_Bone001","scale":[1,1,1],"children":[18],"parent":null,"position":[0.195960685610771,-0.100499778985977,0.109859518706799],"quat":[-0.195954754948616,0.956922054290771,-0.20536270737648,-0.061058022081852],"path":"root/Bip001_Red/Bip001 Pelvis/Bip001 Spine/Bip001 Spine1/Bip001 Neck/Bip001 Head/p1_Bone001","uniqueBindPose":[0.19733966886997223,-0.36910396814346313,-0.9081953763961792,0,0.3499473035335541,-0.8388558626174927,0.4169624149799347,0,-0.915747880935669,-0.40010377764701843,-0.036372579634189606,0,0.3268221616744995,0.2857096493244171,0.0758911669254303,1]},{"name":"p1_Bone002","scale":[1,1,1],"children":[19],"parent":null,"position":[0.122404187917709,-1.90734859017994e-8,2.8610228852699e-8],"quat":[0.0465494617819786,-0.0474504046142101,0.114550955593586,0.991191029548645],"path":"root/Bip001_Red/Bip001 Pelvis/Bip001 Spine/Bip001 Spine1/Bip001 Neck/Bip001 Head/p1_Bone001/p1_Bone002","uniqueBindPose":[0.013970181345939636,-0.4774344563484192,-0.8785561323165894,0,0.19607089459896088,-0.8602761030197144,0.47061797976493835,0,-0.9804901480674744,-0.1788339763879776,0.08159276843070984,0,0.2696986496448517,0.2358284294605255,0.028701603412628174,1]},{"name":"p1_Bone003","scale":[1,1,1],"parent":null,"position":[0.115541510283947,-1.90734859017994e-8,-4.76837147544984e-9],"quat":[0.114465549588203,-0.00110038102138788,0.285117268562317,0.951632559299469],"path":"root/Bip001_Red/Bip001 Pelvis/Bip001 Spine/Bip001 Spine1/Bip001 Neck/Bip001 Head/p1_Bone001/p1_Bone002/p1_Bone003","uniqueBindPose":[-0.30644863843917847,-0.5857362151145935,-0.7503347396850586,0,-0.2707177400588989,-0.7020798921585083,0.6586317420005798,0,-0.9125789403915405,0.4049661159515381,0.0565822497010231,0,0.2589404881000519,0.11384887248277664,-0.013837018981575966,1]},{"name":"p1_Bone001(mirrored)","scale":[1,1,1],"children":[21],"parent":null,"position":[0.195960685610771,-0.100499458611012,-0.109286054968834],"quat":[-0.0575241148471832,-0.206381559371948,0.960144519805908,-0.17949952185154],"path":"root/Bip001_Red/Bip001 Pelvis/Bip001 Spine/Bip001 Spine1/Bip001 Neck/Bip001 Head/p1_Bone001(mirrored)","uniqueBindPose":[-0.18455323576927185,-0.3756599426269531,0.9081960916519165,0,0.32094600796699524,0.8503745198249817,0.41696199774742126,0,-0.9289420247077942,0.36843371391296387,-0.03637281432747841,0,0.33655235171318054,-0.2740876078605652,0.07532311230897903,1]},{"name":"p1_Bone002(mirrored)","scale":[1,1,1],"children":[22],"parent":null,"position":[0.122404284775257,-3.55271359939116e-17,-4.76837147544984e-9],"quat":[-0.0394602045416832,-0.0482683442533016,-0.114208862185478,0.991498589515686],"path":"root/Bip001_Red/Bip001 Pelvis/Bip001 Spine/Bip001 Spine1/Bip001 Neck/Bip001 Head/p1_Bone001(mirrored)/p1_Bone002(mirrored)","uniqueBindPose":[-0.00011715297296177596,-0.46824774146080017,0.8835972547531128,0,0.16539624333381653,0.8714181184768677,0.4618160128593445,0,-0.9862273335456848,0.14619766175746918,0.07734435796737671,0,0.2764824330806732,-0.22183221578598022,0.03169988840818405,1]},{"name":"p1_Bone003(mirrored)","scale":[1,1,1],"parent":null,"position":[0.115541443228722,3.81469718035987e-8,1.66893006081636e-8],"quat":[-0.101319409906864,-0.00911196041852236,-0.284973680973053,0.953121900558472],"path":"root/Bip001_Red/Bip001 Pelvis/Bip001 Spine/Bip001 Spine1/Bip001 Neck/Bip001 Head/p1_Bone001(mirrored)/p1_Bone002(mirrored)/p1_Bone003(mirrored)","uniqueBindPose":[0.3197738826274872,-0.5487095713615417,0.7724388837814331,0,-0.2985789179801941,0.715350329875946,0.6317622661590576,0,-0.8992204070091248,-0.4326542317867279,0.06491724401712418,0,0.25725194811820984,-0.09948045760393143,-0.006453180685639381,1]},{"name":"Bip001 L Clavicle","scale":[1,1,1],"children":[24],"parent":null,"position":[0.00000566482549402281,0.0000269746778940316,0.00657659769058228],"quat":[0.706503331661224,-0.0354908853769302,0.705909609794617,0.0358472131192684],"path":"root/Bip001_Red/Bip001 Pelvis/Bip001 Spine/Bip001 Spine1/Bip001 Neck/Bip001 L Clavicle","uniqueBindPose":[1,-0.000001370906943520822,4.371132789060539e-8,0,0.000001370906943520822,1,6.350475700855895e-14,0,-4.371132789060539e-8,-3.580592074193482e-15,1,0,-0.006576589774340391,0.0038388718385249376,-0.1904798448085785,1]},{"name":"Bip001 L UpperArm","scale":[1,1,1],"children":[25],"parent":null,"position":[0.0219580382108688,-1.19209286886246e-9,0],"quat":[-0.338314801454544,0.355799496173859,0.161965623497963,0.85598886013031],"path":"root/Bip001_Red/Bip001 Pelvis/Bip001 Spine/Bip001 Spine1/Bip001 Neck/Bip001 L Clavicle/Bip001 L UpperArm","uniqueBindPose":[0.9037820100784302,-0.12075333297252655,0.41060522198677063,0,0.07031600922346115,0.9882306456565857,0.13585257530212402,0,-0.42217734456062317,-0.09390900284051895,0.9016358852386475,0,0.054897110909223557,0.025127079337835312,-0.18293841183185577,1]},{"name":"Bip001 L Forearm","scale":[1,1,1],"children":[26],"parent":null,"position":[0.0468185991048813,1.77635679969558e-17,0],"quat":[0,0,-0.515905320644379,0.85664564371109],"path":"root/Bip001_Red/Bip001 Pelvis/Bip001 Spine/Bip001 Spine1/Bip001 Neck/Bip001 L Clavicle/Bip001 L UpperArm/Bip001 L Forearm","uniqueBindPose":[0.9117680788040161,0.009080978110432625,0.41060519218444824,0,-0.07102183252573013,0.9881801605224609,0.1358526051044464,0,-0.4045182466506958,-0.1530279815196991,0.9016359448432922,0,0.004420787561684847,0.02602093480527401,-0.18293841183185577,1]},{"name":"Bip001 L Hand","scale":[1,1,1],"children":[27],"parent":null,"position":[0.0423320569097996,9.53674295089968e-9,1.77635679969558e-17],"quat":[-0.510750353336334,-0.216873645782471,0.0173814166337252,0.831743776798248],"path":"root/Bip001_Red/Bip001 Pelvis/Bip001 Spine/Bip001 Spine1/Bip001 Neck/Bip001 L Clavicle/Bip001 L UpperArm/Bip001 L Forearm/Bip001 L Hand","uniqueBindPose":[0.9117680788040161,-0.4105978310108185,0.009407930076122284,0,-0.07102183252573013,-0.1350656896829605,0.9882879257202148,0,-0.4045182466506958,-0.9017574787139893,-0.15230999886989594,0,-0.03791126236319542,0.18295909464359283,0.025875257328152657,1]},{"name":"Bip001 L Finger0","scale":[1,1,1],"parent":null,"position":[0.0194225311279297,0,4.76837147544984e-9],"quat":[-0.00146534235682338,-0.000517036474775523,0.0825500190258026,0.996585726737976],"path":"root/Bip001_Red/Bip001 Pelvis/Bip001 Spine/Bip001 Spine1/Bip001 Neck/Bip001 L Clavicle/Bip001 L UpperArm/Bip001 L Forearm/Bip001 L Hand/Bip001 L Finger0","uniqueBindPose":[0.8317896127700806,-0.5550459027290344,0.007083490956574678,0,-0.09149786829948425,-0.12450958788394928,0.9879906177520752,0,-0.5474982261657715,-0.8224483132362366,-0.15435127913951874,0,-0.026428252458572388,0.18982037901878357,0.02646683342754841,1]},{"name":"Bip001 R Clavicle","scale":[1,1,1],"children":[29],"parent":null,"position":[-0.00000570297243029927,0.0000209116933547193,-0.00657659769058228],"quat":[-0.705909609794617,0.0358471050858498,0.706503391265869,0.0354907810688019],"path":"root/Bip001_Red/Bip001 Pelvis/Bip001 Spine/Bip001 Spine1/Bip001 Neck/Bip001 R Clavicle","uniqueBindPose":[-1,-0.000001370906943520822,4.371145223558415e-8,0,-0.000001370906943520822,1,5.6276865627443926e-14,0,-4.3711455788297826e-8,-3.647466172412156e-15,-1,0,-0.006576600484549999,0.0038388718385249376,0.1904798448085785,1]},{"name":"Bip001 R UpperArm","scale":[1,1,1],"children":[30],"parent":null,"position":[0.021958040073514,1.19209286886246e-9,3.55271359939116e-17],"quat":[0.300076574087143,-0.482067257165909,0.0699399337172508,0.820166826248169],"path":"root/Bip001_Red/Bip001 Pelvis/Bip001 Spine/Bip001 Spine1/Bip001 Neck/Bip001 R Clavicle/Bip001 R UpperArm","uniqueBindPose":[-0.9037822484970093,0.12075061351060867,0.4106055796146393,0,0.07031353563070297,0.9882309436798096,-0.13585145771503448,0,-0.4221773147583008,-0.09390900284051895,-0.9016359448432922,0,0.05489709600806236,0.025127079337835312,0.18293844163417816,1]},{"name":"Bip001 R Forearm","scale":[1,1,1],"children":[31],"parent":null,"position":[0.0468186065554619,4.76837147544984e-9,0],"quat":[-1.99068938801154e-17,8.94066436884065e-17,-0.644705295562744,0.764431238174438],"path":"root/Bip001_Red/Bip001 Pelvis/Bip001 Spine/Bip001 Spine1/Bip001 Neck/Bip001 R Clavicle/Bip001 R UpperArm/Bip001 R Forearm","uniqueBindPose":[-0.911767840385437,-0.009083694778382778,0.4106055796146393,0,-0.0710243433713913,0.9881800413131714,-0.13585147261619568,0,-0.4045182764530182,-0.1530279815196991,-0.9016359448432922,0,0.004420780576765537,0.02602093107998371,0.18293841183185577,1]},{"name":"Bip001 R Hand","scale":[1,1,1],"children":[32,33],"parent":null,"position":[0.0423320569097996,-9.53674295089968e-9,-4.76837147544984e-9],"quat":[0.564712047576904,0.106311425566673,-0.0115023767575622,0.818331182003021],"path":"root/Bip001_Red/Bip001 Pelvis/Bip001 Spine/Bip001 Spine1/Bip001 Neck/Bip001 R Clavicle/Bip001 R UpperArm/Bip001 R Forearm/Bip001 R Hand","uniqueBindPose":[-0.911767840385437,0.4105982184410095,0.009410646744072437,0,-0.0710243433713913,-0.13506455719470978,-0.9882879257202148,0,-0.4045182764530182,-0.9017574787139893,0.15230998396873474,0,-0.037911269813776016,0.18295909464359283,-0.025875255465507507,1]},{"name":"Bip001 R Finger0","scale":[1,1,1],"parent":null,"position":[0.0194225218147039,-3.55271359939116e-17,9.53674295089968e-9],"quat":[0.00146532605867833,0.000517053413204849,0.0825500041246414,0.996585726737976],"path":"root/Bip001_Red/Bip001 Pelvis/Bip001 Spine/Bip001 Spine1/Bip001 Neck/Bip001 R Clavicle/Bip001 R UpperArm/Bip001 R Forearm/Bip001 R Hand/Bip001 R Finger0","uniqueBindPose":[-0.8317893743515015,0.5550462603569031,0.007086202502250671,0,-0.09150014072656631,-0.12450806051492691,-0.9879905581474304,0,-0.5474982261657715,-0.8224484324455261,0.15435127913951874,0,-0.026428265497088432,0.18982037901878357,-0.02646683342754841,1]},{"name":"p3_HuaTongBone001","scale":[1,1,1],"parent":null,"position":[0.0162128917872906,0.0179326999932528,0.0370222367346287],"quat":[-0.494352489709854,0.575125575065613,0.29825034737587,0.579562664031982],"path":"root/Bip001_Red/Bip001 Pelvis/Bip001 Spine/Bip001 Spine1/Bip001 Neck/Bip001 R Clavicle/Bip001 R UpperArm/Bip001 R Forearm/Bip001 R Hand/p3_HuaTongBone001"}]}