{"__type__":"cc.Model","_name":"body_ChuNv","_nodes":[{"name":"RootNode","scale":[1,1,1],"children":[1,32],"position":[0,0,0],"quat":[0,0,0,1],"path":""},{"name":"root","scale":[2.53999996185303,2.53999996185303,2.53999996185303],"children":[2],"parent":null,"position":[0,0,0],"quat":[2.1855694143369e-8,0,0,1],"path":"root"},{"name":"Bip001_Red","scale":[1,1,1],"children":[3],"parent":null,"position":[0.0234133899211884,0.108835779130459,0.00383885833434761],"quat":[-0.504849553108215,-0.495102971792221,-0.495102941989899,0.504849553108215],"path":"root/Bip001_Red"},{"name":"Bip001 Pelvis","scale":[1,1,1],"children":[4],"parent":null,"position":[0,0,0],"quat":[-0.554671168327332,-0.397302597761154,-0.521060168743134,0.512822449207306],"path":"root/Bip001_Red/Bip001 Pelvis","uniqueBindPose":[0.0000013867999086869531,0.0000027577068522077752,1,0,6.123234262925839e-17,-1,0.0000027577068522077752,0,1,-3.8243271396898315e-12,-0.0000013868001360606286,0,-0.12106810510158539,-0.004592951852828264,1.8048605454623612e-7,1]},{"name":"Bip001 Spine","scale":[1,1,1],"children":[5,9,13],"parent":null,"position":[0.0164468660950661,-0.0131909986957908,-0.000552446814253926],"quat":[-0.0395298600196838,-0.0571883209049702,0.00741909211501479,0.997552931308746],"path":"root/Bip001_Red/Bip001 Pelvis/Bip001 Spine","uniqueBindPose":[-1.6864535723470908e-7,-0.0000014007179061081843,1,0,0.0291751679033041,-0.9995743632316589,-0.0000013952013659945806,0,0.9995742440223694,0.0291751716285944,2.0943976153375843e-7,0,-0.13939449191093445,0.001975694438442588,-2.0790317023511307e-8,1]},{"name":"Bip001 L Thigh","scale":[1,1,1],"children":[6],"parent":null,"position":[-0.0134438127279282,0.0114642903208733,0.0259378720074892],"quat":[0.0390672646462917,0.983312129974365,0.109306298196316,0.140082657337189],"path":"root/Bip001_Red/Bip001 Pelvis/Bip001 Spine/Bip001 L Thigh","uniqueBindPose":[0.06391727924346924,0.00987501721829176,-0.9979063868522644,0,0.02853635512292385,-0.9995602965354919,-0.008063591085374355,0,-0.9975471496582031,-0.027961205691099167,-0.0641709640622139,0,0.1194516122341156,-0.0014298075111582875,0.030379323288798332,1]},{"name":"Bip001 L Calf","scale":[1,1,1],"children":[7],"parent":null,"position":[0.0585832484066486,5.9604643443123e-10,3.57627860658738e-9],"quat":[6.1334913025215e-18,2.34988578613167e-17,-0.252551227807999,0.967583537101746],"path":"root/Bip001_Red/Bip001 Pelvis/Bip001 Spine/Bip001 L Thigh/Bip001 L Calf","uniqueBindPose":[0.06139564514160156,0.02033490687608719,-0.9979063868522644,0,0.19385375082492828,-0.9809972047805786,-0.00806359387934208,0,-0.9791072607040405,-0.19295282661914825,-0.0641709715127945,0,0.06026310473680496,0.008681054227054119,0.030379323288798332,1]},{"name":"Bip001 L Foot","scale":[1,1,1],"children":[8],"parent":null,"position":[0.0511104799807072,-4.76837147544984e-9,2.22044599961948e-18],"quat":[-0.0601069256663322,0.138756439089775,0.317546725273132,0.936107814311981],"path":"root/Bip001_Red/Bip001 Pelvis/Bip001 Spine/Bip001 L Thigh/Bip001 L Calf/Bip001 L Foot","uniqueBindPose":[4.386983931681243e-8,0.07812807708978653,-0.9969434142112732,0,-6.123234262925839e-17,-0.9969433546066284,-0.07812808454036713,0,-1,3.427466532812673e-9,-4.3735749244433464e-8,0,0.012585905380547047,0.004654614720493555,0.030032720416784286,1]},{"name":"Bip001 L Toe0","scale":[1,1,1],"parent":null,"position":[0.012950130738318,0.0175872258841991,-2.22044599961948e-18],"quat":[-1.17374710839613e-7,3.09362150119341e-7,0.70710688829422,0.707106649875641],"path":"root/Bip001_Red/Bip001 Pelvis/Bip001 Spine/Bip001 L Thigh/Bip001 L Calf/Bip001 L Foot/Bip001 L Toe0","uniqueBindPose":[0.07812808454036713,5.1005589085661995e-8,-0.9969434142112732,0,-0.9969433546066284,-3.9714198152296376e-8,-0.07812808454036713,0,-4.35777778307056e-8,1,4.7746897990919024e-8,0,-0.012932611629366875,0.0003642233496066183,0.030032716691493988,1]},{"name":"Bip001 R Thigh","scale":[1,1,1],"children":[10],"parent":null,"position":[-0.0185959339141846,0.0150824505835772,-0.0190130285918713],"quat":[0.49898761510849,0.819341242313385,0.209852322936058,0.188820913434029],"path":"root/Bip001_Red/Bip001 Pelvis/Bip001 Spine/Bip001 R Thigh","uniqueBindPose":[-0.06391752511262894,-0.009872276335954666,-0.9979063868522644,0,0.028536178171634674,-0.9995603561401367,0.008060849271714687,0,-0.9975471496582031,-0.027961205691099167,0.06417114287614822,0,0.119451604783535,-0.0014298076275736094,-0.030379358679056168,1]},{"name":"Bip001 R Calf","scale":[1,1,1],"children":[11],"parent":null,"position":[0.058583240956068,4.76837147544984e-9,8.88178399847791e-18],"quat":[-2.85784581977191e-17,-5.37358446200679e-18,0.882923245429993,-0.469517320394516],"path":"root/Bip001_Red/Bip001 Pelvis/Bip001 Spine/Bip001 R Thigh/Bip001 R Calf","uniqueBindPose":[-0.06139634549617767,-0.020332247018814087,-0.9979063868522644,0,0.19385358691215515,-0.9809973835945129,0.00806085579097271,0,-0.9791072607040405,-0.19295282661914825,0.06417114287614822,0,0.060263097286224365,0.00868105236440897,-0.030379358679056168,1]},{"name":"Bip001 R Foot","scale":[1,1,1],"children":[12],"parent":null,"position":[0.0511104725301266,1.77635679969558e-17,0],"quat":[-0.190526410937309,0.170513927936554,0.217778101563454,0.941911578178406],"path":"root/Bip001_Red/Bip001 Pelvis/Bip001 Spine/Bip001 R Thigh/Bip001 R Calf/Bip001 R Foot","uniqueBindPose":[4.386984286952611e-8,-0.07812534272670746,-0.9969435930252075,0,-6.123234262925839e-17,-0.996943473815918,0.07812534272670746,0,-1,-3.4273468507706184e-9,-4.373576345528818e-8,0,0.01258590817451477,0.004654611926525831,-0.030032748356461525,1]},{"name":"Bip001 R Toe0","scale":[1,1,1],"parent":null,"position":[0.0129501335322857,0.0175872258841991,-4.44089199923895e-18],"quat":[-1.73855966068004e-7,7.34935611035326e-7,0.70710700750351,0.707106590270996],"path":"root/Bip001_Red/Bip001 Pelvis/Bip001 Spine/Bip001 R Thigh/Bip001 R Calf/Bip001 R Foot/Bip001 R Toe0","uniqueBindPose":[-0.07812534272670746,-5.100559974380303e-8,-0.9969435930252075,0,-0.996943473815918,-3.971434026084353e-8,0.07812535762786865,0,-4.357778138341928e-8,1,-4.7747011677756745e-8,0,-0.012932613492012024,0.0003642233496066183,-0.030032748356461525,1]},{"name":"Bip001 Spine1","scale":[1,1,1],"children":[14,28,30],"parent":null,"position":[0.0253854263573885,-0.0000205516807909589,-8.10623177471825e-8],"quat":[0.00193686597049236,-0.00558332772925496,-0.00413919286802411,0.999973952770233],"path":"root/Bip001_Red/Bip001 Pelvis/Bip001 Spine/Bip001 Spine1","uniqueBindPose":[-1.6864535723470908e-7,-0.0000014007179061081843,1,0,0.0291751679033041,-0.9995743632316589,-0.0000013952013659945806,0,0.9995742440223694,0.0291751716285944,2.0943976153375843e-7,0,-0.16478009521961212,0.0019962515216320753,-2.0733299521680237e-8,1]},{"name":"Bip001 Neck","scale":[1,1,1],"children":[15,20,25],"parent":null,"position":[0.0258180424571037,-0.0000190639493666822,-1.07288355977175e-8],"quat":[0.000253186881309375,-0.000420022493926808,0.0500462576746941,0.998746752738953],"path":"root/Bip001_Red/Bip001 Pelvis/Bip001 Spine/Bip001 Spine1/Bip001 Neck","uniqueBindPose":[0.0008640340529382229,0.0004623063141480088,0.9999995827674866,0,-0.07089555263519287,-0.9974836707115173,0.0005223994376137853,0,0.9974833726882935,-0.0708959773182869,-0.0008290843688882887,0,-0.18944182991981506,0.02105884440243244,0.00015396617527585477,1]},{"name":"Bip001 L Clavicle","scale":[1,1,1],"children":[16],"parent":null,"position":[0.00397037481889129,-0.000259599677519873,0.00657330732792616],"quat":[0.65174674987793,-0.0327114574611187,0.756757259368896,0.0384005792438984],"path":"root/Bip001_Red/Bip001 Pelvis/Bip001 Spine/Bip001 Spine1/Bip001 Neck/Bip001 L Clavicle","uniqueBindPose":[0.9888197183609009,-0.000001379219611408189,0.14911635220050812,0,-0.004467824008315802,0.9995507597923279,0.029636258259415627,0,-0.14904938638210297,-0.02997114323079586,0.9883753657341003,0,0.022510597482323647,-0.0017253495752811432,-0.19337595999240875,1]},{"name":"Bip001 L UpperArm","scale":[1,1,1],"children":[17],"parent":null,"position":[0.021958040073514,-2.38418573772492e-9,-1.90734859017994e-8],"quat":[-0.39588126540184,0.238130375742912,0.227618485689163,0.857182443141937],"path":"root/Bip001_Red/Bip001 Pelvis/Bip001 Spine/Bip001 Spine1/Bip001 Neck/Bip001 L Clavicle/Bip001 L UpperArm","uniqueBindPose":[0.6062958836555481,-0.14314982295036316,0.7822489738464355,0,0.062465913593769073,0.9891985058784485,0.13260582089424133,0,-0.7927819490432739,-0.03153446689248085,0.60868901014328,0,0.13392972946166992,0.0027002464048564434,-0.1394743174314499,1]},{"name":"Bip001 L Forearm","scale":[1,1,1],"children":[18],"parent":null,"position":[0.053373210132122,0,0],"quat":[3.32341383963554e-17,-5.24151895607617e-17,-0.515905261039734,0.85664564371109],"path":"root/Bip001_Red/Bip001 Pelvis/Bip001 Spine/Bip001 Spine1/Bip001 Neck/Bip001 L Clavicle/Bip001 L UpperArm/Bip001 L Forearm","uniqueBindPose":[0.6228436231613159,0.012346431612968445,0.7822489738464355,0,-0.18584300577640533,0.9735904335975647,0.13260582089424133,0,-0.7599528431892395,-0.22796817123889923,0.6086890697479248,0,0.07734619081020355,0.022676236927509308,-0.13947433233261108,1]},{"name":"Bip001 L Hand","scale":[1,1,1],"children":[19],"parent":null,"position":[0.0444486550986767,-2.66453519954337e-17,1.77635679969558e-17],"quat":[-0.510750412940979,-0.216873615980148,0.0173814091831446,0.831743836402893],"path":"root/Bip001_Red/Bip001 Pelvis/Bip001 Spine/Bip001 Spine1/Bip001 Neck/Bip001 L Clavicle/Bip001 L UpperArm/Bip001 L Forearm/Bip001 L Hand","uniqueBindPose":[0.6228436231613159,-0.7809608578681946,0.04653986915946007,0,-0.18584300577640533,-0.0899069756269455,0.9784574508666992,0,-0.7599528431892395,-0.6180751323699951,-0.2011340856552124,0,0.032897546887397766,0.14033247530460358,0.016555778682231903,1]},{"name":"Bip001 L Finger0","scale":[1,1,1],"parent":null,"position":[0.0194225404411554,9.53674295089968e-9,-4.76837147544984e-9],"quat":[-0.00134224991779774,-0.000625581364147365,0.253942131996155,0.967218279838562],"path":"root/Bip001_Red/Bip001 Pelvis/Bip001 Spine/Bip001 Spine1/Bip001 Neck/Bip001 L Clavicle/Bip001 L UpperArm/Bip001 L Forearm/Bip001 L Hand/Bip001 L Finger0","uniqueBindPose":[0.1589011251926422,-0.9863322377204895,0.04358188062906265,0,-0.20552262663841248,0.01012990903109312,0.9785999059677124,0,-0.9656661152839661,-0.16445769369602203,-0.20110389590263367,0,0.08068229258060455,0.1155652403831482,0.016849977895617485,1]},{"name":"Bip001 R Clavicle","scale":[1,1,1],"children":[21],"parent":null,"position":[0.00395900709554553,-0.000265660288278013,-0.00657989596948028],"quat":[-0.651110231876373,0.0330935381352901,0.757304966449738,0.0380720049142838],"path":"root/Bip001_Red/Bip001 Pelvis/Bip001 Spine/Bip001 Spine1/Bip001 Neck/Bip001 R Clavicle","uniqueBindPose":[-0.9888195395469666,-0.000001365404841635609,0.14911668002605438,0,-0.00447054672986269,0.9995507597923279,-0.029635848477482796,0,-0.14904965460300446,-0.02997114323079586,-0.9883753657341003,0,0.022510649636387825,-0.001725349691696465,0.19337594509124756,1]},{"name":"Bip001 R UpperArm","scale":[1,1,1],"children":[22],"parent":null,"position":[0.0219580382108688,4.44089199923895e-18,1.90734859017994e-8],"quat":[0.236810758709908,-0.462526232004166,-0.0385633781552315,0.853523910045624],"path":"root/Bip001_Red/Bip001 Pelvis/Bip001 Spine/Bip001 Spine1/Bip001 Neck/Bip001 R Clavicle/Bip001 R UpperArm","uniqueBindPose":[-0.6062960624694824,0.14314712584018707,0.7822493314743042,0,0.06246425583958626,0.9891988635063171,-0.1326036900281906,0,-0.7927820682525635,-0.03153446689248085,-0.6086889505386353,0,0.13392972946166992,0.0027002464048564434,0.1394743025302887,1]},{"name":"Bip001 R Forearm","scale":[1,1,1],"children":[23],"parent":null,"position":[0.0533732026815414,-8.88178399847791e-18,-9.53674295089968e-9],"quat":[-6.56329302531507e-17,1.90446457726738e-17,-0.644705295562744,0.764431238174438],"path":"root/Bip001_Red/Bip001 Pelvis/Bip001 Spine/Bip001 Spine1/Bip001 Neck/Bip001 R Clavicle/Bip001 R UpperArm/Bip001 R Forearm","uniqueBindPose":[-0.6228432059288025,-0.012349088676273823,0.7822492718696594,0,-0.18584468960762024,0.9735903739929199,-0.1326036900281906,0,-0.7599528431892395,-0.22796817123889923,-0.6086890697479248,0,0.07734617590904236,0.02267623320221901,0.1394743174314499,1]},{"name":"Bip001 R Hand","scale":[1,1,1],"children":[24],"parent":null,"position":[0.0444486513733864,9.53674295089968e-9,-1.77635679969558e-17],"quat":[0.564712047576904,0.106311440467834,-0.0115023721009493,0.818331182003021],"path":"root/Bip001_Red/Bip001 Pelvis/Bip001 Spine/Bip001 Spine1/Bip001 Neck/Bip001 R Clavicle/Bip001 R UpperArm/Bip001 R Forearm/Bip001 R Hand","uniqueBindPose":[-0.6228432059288025,0.7809610366821289,0.046542517840862274,0,-0.18584468960762024,-0.08990488201379776,-0.9784574508666992,0,-0.7599528431892395,-0.6180751919746399,0.2011341005563736,0,0.032897524535655975,0.14033246040344238,-0.016555780544877052,1]},{"name":"Bip001 R Finger0","scale":[1,1,1],"parent":null,"position":[0.0194225255399942,0,0],"quat":[0.00134221720509231,0.000625588116236031,0.253942102193832,0.967218279838562],"path":"root/Bip001_Red/Bip001 Pelvis/Bip001 Spine/Bip001 Spine1/Bip001 Neck/Bip001 R Clavicle/Bip001 R UpperArm/Bip001 R Forearm/Bip001 R Hand/Bip001 R Finger0","uniqueBindPose":[-0.15890054404735565,0.9863322377204895,0.04358462244272232,0,-0.2055230438709259,0.010132675990462303,-0.9785998463630676,0,-0.9656661748886108,-0.16445769369602203,0.20110386610031128,0,0.08068227767944336,0.11556524783372879,-0.01684996485710144,1]},{"name":"Bip001 Head","scale":[1,1,1],"children":[26],"parent":null,"position":[0.0240566059947014,8.88178399847791e-18,-4.44089199923895e-18],"quat":[0.0811964049935341,0.0233841985464096,-0.133432418107986,0.987449288368225],"path":"root/Bip001_Red/Bip001 Pelvis/Bip001 Spine/Bip001 Spine1/Bip001 Neck/Bip001 Head","uniqueBindPose":[0.0000013430886838250444,-0.000001402693328600435,1,0,6.123234262925839e-17,-1,-0.000001402693328600435,0,1,1.8840029362976463e-12,-0.0000013430887975118821,0,-0.2144542634487152,0.005869680549949408,-0.000020471936295507476,1]},{"name":"ChuNv_HeadBone003","scale":[1,1,1],"children":[27],"parent":null,"position":[0.0733142867684364,-0.0655799210071564,-0.0000208473193197278],"quat":[-0.021043173968792,0.999778568744659,7.14223915565526e-7,-5.87473039104225e-8],"path":"root/Bip001_Red/Bip001 Pelvis/Bip001 Spine/Bip001 Spine1/Bip001 Neck/Bip001 Head/ChuNv_HeadBone003","uniqueBindPose":[1.4644199097801902e-7,2.9060307937811558e-8,-1,0,0.042075686156749725,-0.999114453792572,-2.2872926663808357e-8,0,-0.9991143345832825,-0.042075689882040024,-1.4753506150100293e-7,0,0.28450730443000793,0.08349446952342987,5.696107763242253e-8,1]},{"name":"ChuNv_HeadBone004","scale":[1,1,1],"parent":null,"position":[0.0740562230348587,0,2.38418573772492e-9],"quat":[-2.3094204326668e-9,-1.41688313859412e-10,0.0241308249533176,0.999708831310272],"path":"root/Bip001_Red/Bip001 Pelvis/Bip001 Spine/Bip001 Spine1/Bip001 Neck/Bip001 Head/ChuNv_HeadBone003/ChuNv_HeadBone004","uniqueBindPose":[1.4767354628020257e-7,2.195780268721137e-8,-1,0,-0.006178181618452072,-0.9999810457229614,-2.2869734550567955e-8,0,-0.9999809861183167,0.0061781820841133595,-1.4753507571185764e-7,0,0.21423442661762238,0.07324347645044327,5.604102071288253e-8,1]},{"name":"ChuNv_RBone001","scale":[1,1,1],"children":[29],"parent":null,"position":[-0.00316798198036849,-0.0176096763461828,-0.0112004084512591],"quat":[0.701956033706665,-0.536709606647491,-0.172903493046761,-0.435091853141785],"path":"root/Bip001_Red/Bip001 Pelvis/Bip001 Spine/Bip001 Spine1/ChuNv_RBone001","uniqueBindPose":[-0.7097762227058411,-0.4252326786518097,-0.5616003274917603,0,0.6134024858474731,0.018883371725678444,-0.7895446419715881,0,0.3463449776172638,-0.904887318611145,0.24743583798408508,0,-0.07861481606960297,0.1404390186071396,-0.02692428044974804,1]},{"name":"ChuNv_RBone002","scale":[1,1,1],"parent":null,"position":[0.072506308555603,9.53674295089968e-9,-3.09944141463347e-8],"quat":[-0.0161253679543734,-0.000353516428731382,-0.0388467274606228,0.999114990234375],"path":"root/Bip001_Red/Bip001 Pelvis/Bip001 Spine/Bip001 Spine1/ChuNv_RBone001/ChuNv_RBone002","uniqueBindPose":[-0.6757307052612305,-0.46075186133384705,-0.5754095911979675,0,0.6085385084152222,0.0918578952550888,-0.7881898880004883,0,0.4160158038139343,-0.8827627897262573,0.21831409633159637,0,-0.1616177260875702,0.12907646596431732,-0.022463707253336906,1]},{"name":"ChuNv_LBone001","scale":[1,1,1],"children":[31],"parent":null,"position":[-0.00316797243431211,-0.0176097098737955,0.00879959110170603],"quat":[-0.449874967336655,-0.481534689664841,-0.555891871452332,0.506676495075226],"path":"root/Bip001_Red/Bip001 Pelvis/Bip001 Spine/Bip001 Spine1/ChuNv_LBone001","uniqueBindPose":[0.7097761631011963,-0.4252326786518097,0.5616001486778259,0,0.6134026646614075,-0.018883241340517998,-0.789544403553009,0,0.3463449478149414,0.9048869609832764,0.24743597209453583,0,-0.07691081613302231,-0.1414598971605301,-0.0255760308355093,1]},{"name":"ChuNv_LBone002","scale":[1,1,1],"parent":null,"position":[0.0725063905119896,-2.8610228852699e-8,-8.88178399847791e-18],"quat":[0.0161253269761801,-0.00035355769796297,0.0388466976583004,0.999114990234375],"path":"root/Bip001_Red/Bip001 Pelvis/Bip001 Spine/Bip001 Spine1/ChuNv_LBone001/ChuNv_LBone002","uniqueBindPose":[0.6757304072380066,-0.46075183153152466,0.5754093527793884,0,0.6085386276245117,-0.0918576568365097,-0.7881895303726196,0,0.41601553559303284,0.8827626705169678,0.21831423044204712,0,-0.15999546647071838,-0.13018262386322021,-0.021082334220409393,1]},{"name":"body_ChuNv","scale":[2.53999996185303,2.53999996185303,2.53999996185303],"mesh":0,"skin":0,"parent":null,"position":[0,0,0],"quat":[-0.70710676908493,0,0,0.70710676908493],"path":"body_ChuNv"}]}